행정구역,총인구수,연령구간인구수,0~9세,10~19세,20~29세,30~39세,40~49세,50~59세,60~69세,70~79세,80~89세,90~99세,100세 이상,2021년12월_남_총인구수,2021년12월_남_연령구간인구수,2021년12월_남_0~9세,2021년12월_남_10~19세,2021년12월_남_20~29세,2021년12월_남_30~39세,2021년12월_남_40~49세,2021년12월_남_50~59세,2021년12월_남_60~69세,2021년12월_남_70~79세,2021년12월_남_80~89세,2021년12월_남_90~99세,2021년12월_남_100세 이상,2021년12월_여_총인구수,2021년12월_여_연령구간인구수,2021년12월_여_0~9세,2021년12월_여_10~19세,2021년12월_여_20~29세,2021년12월_여_30~39세,2021년12월_여_40~49세,2021년12월_여_50~59세,2021년12월_여_60~69세,2021년12월_여_70~79세,2021년12월_여_80~89세,2021년12월_여_90~99세,2021년12월_여_100세 이상
서울특별시  (1100000000),9509458 ,9509458 ,583683 ,756136 ,1422277 ,1439279 ,1480780 ,1507194 ,1285922 ,695800 ,295009 ,41735 ,1643 ,4618040 ,4618040 ,299764 ,387691 ,684530 ,718763 ,733371 ,742757 ,607114 ,316508 ,116524 ,10637 ,381 ,4891418 ,4891418 ,283919 ,368445 ,737747 ,720516 ,747409 ,764437 ,678808 ,379292 ,178485 ,31098 ,1262 
서울특별시 종로구 (1111000000),144683 ,144683 ,6984 ,10381 ,22802 ,19470 ,20969 ,24957 ,20352 ,11637 ,6149 ,950 ,32 ,70183 ,70183 ,3540 ,5157 ,10973 ,9707 ,10136 ,12574 ,10139 ,5176 ,2482 ,290 ,9 ,74500 ,74500 ,3444 ,5224 ,11829 ,9763 ,10833 ,12383 ,10213 ,6461 ,3667 ,660 ,23 
서울특별시 중구 (1114000000),122499 ,122499 ,6299 ,6474 ,18309 ,19886 ,17379 ,20043 ,18083 ,10221 ,4967 ,812 ,26 ,59630 ,59630 ,3265 ,3206 ,8477 ,9909 ,8898 ,10166 ,9023 ,4633 ,1821 ,221 ,11 ,62869 ,62869 ,3034 ,3268 ,9832 ,9977 ,8481 ,9877 ,9060 ,5588 ,3146 ,591 ,15 
서울특별시 용산구 (1117000000),222953 ,222953 ,12653 ,14692 ,32778 ,37719 ,33781 ,36122 ,29169 ,15960 ,8591 ,1417 ,71 ,107210 ,107210 ,6523 ,7444 ,15432 ,18641 ,16651 ,17821 ,14068 ,6977 ,3206 ,427 ,20 ,115743 ,115743 ,6130 ,7248 ,17346 ,19078 ,17130 ,18301 ,15101 ,8983 ,5385 ,990 ,51 
서울특별시 성동구 (1120000000),285990 ,285990 ,19222 ,18903 ,43463 ,46815 ,43346 ,46154 ,37768 ,20111 ,9002 ,1158 ,48 ,139380 ,139380 ,9797 ,9436 ,21395 ,23032 ,21733 ,22846 ,18458 ,8951 ,3419 ,299 ,14 ,146610 ,146610 ,9425 ,9467 ,22068 ,23783 ,21613 ,23308 ,19310 ,11160 ,5583 ,859 ,34 
서울특별시 광진구 (1121500000),339996 ,339996 ,17744 ,24774 ,61616 ,54715 ,50470 ,53801 ,44152 ,21933 ,9495 ,1246 ,50 ,164058 ,164058 ,9116 ,12568 ,28844 ,27157 ,24860 ,26363 ,20992 ,10029 ,3780 ,337 ,12 ,175938 ,175938 ,8628 ,12206 ,32772 ,27558 ,25610 ,27438 ,23160 ,11904 ,5715 ,909 ,38 
서울특별시 동대문구 (1123000000),337400 ,337400 ,19590 ,22767 ,56271 ,49023 ,49002 ,52243 ,47532 ,27290 ,12143 ,1470 ,69 ,166646 ,166646 ,10032 ,11567 ,27506 ,25196 ,25265 ,26491 ,23043 ,12323 ,4816 ,388 ,19 ,170754 ,170754 ,9558 ,11200 ,28765 ,23827 ,23737 ,25752 ,24489 ,14967 ,7327 ,1082 ,50 
서울특별시 중랑구 (1126000000),387350 ,387350 ,21285 ,25432 ,54128 ,57025 ,55710 ,67518 ,60705 ,31176 ,12702 ,1602 ,67 ,191112 ,191112 ,10961 ,12917 ,26637 ,29325 ,28844 ,33407 ,29431 ,14208 ,5012 ,352 ,18 ,196238 ,196238 ,10324 ,12515 ,27491 ,27700 ,26866 ,34111 ,31274 ,16968 ,7690 ,1250 ,49 
서울특별시 성북구 (1129000000),430528 ,430528 ,27326 ,35986 ,65580 ,58415 ,67446 ,69280 ,56803 ,32464 ,15136 ,2027 ,65 ,207578 ,207578 ,13968 ,18296 ,31395 ,29213 ,33248 ,34156 ,26706 ,14133 ,5948 ,504 ,11 ,222950 ,222950 ,13358 ,17690 ,34185 ,29202 ,34198 ,35124 ,30097 ,18331 ,9188 ,1523 ,54 
서울특별시 강북구 (1130500000),299182 ,299182 ,14148 ,20796 ,41001 ,37120 ,43923 ,51700 ,47172 ,29304 ,12507 ,1466 ,45 ,145705 ,145705 ,7312 ,10667 ,20085 ,19393 ,22624 ,25494 ,22078 ,12620 ,5026 ,395 ,11 ,153477 ,153477 ,6836 ,10129 ,20916 ,17727 ,21299 ,26206 ,25094 ,16684 ,7481 ,1071 ,34 
서울특별시 도봉구 (1132000000),317366 ,317366 ,17044 ,24311 ,41496 ,39246 ,46156 ,56006 ,51366 ,27483 ,12478 ,1691 ,89 ,154487 ,154487 ,8884 ,12498 ,21033 ,20073 ,22922 ,26819 ,24280 ,12600 ,4891 ,459 ,28 ,162879 ,162879 ,8160 ,11813 ,20463 ,19173 ,23234 ,29187 ,27086 ,14883 ,7587 ,1232 ,61 
서울특별시 노원구 (1135000000),510956 ,510956 ,30658 ,50312 ,69956 ,63138 ,81770 ,87029 ,70747 ,37296 ,17393 ,2571 ,86 ,246053 ,246053 ,15827 ,26107 ,35747 ,31436 ,38955 ,42067 ,32887 ,16248 ,6141 ,627 ,11 ,264903 ,264903 ,14831 ,24205 ,34209 ,31702 ,42815 ,44962 ,37860 ,21048 ,11252 ,1944 ,75 
서울특별시 은평구 (1138000000),473307 ,473307 ,27655 ,37208 ,65282 ,67027 ,74103 ,77244 ,67015 ,38521 ,17089 ,2091 ,72 ,226458 ,226458 ,14233 ,19043 ,31164 ,32897 ,36673 ,37200 ,30942 ,16795 ,6923 ,575 ,13 ,246849 ,246849 ,13422 ,18165 ,34118 ,34130 ,37430 ,40044 ,36073 ,21726 ,10166 ,1516 ,59 
서울특별시 서대문구 (1141000000),304819 ,304819 ,18881 ,22493 ,48896 ,44235 ,45250 ,48640 ,39700 ,23288 ,11802 ,1561 ,73 ,145694 ,145694 ,9632 ,11246 ,23212 ,21880 ,22345 ,23685 ,18753 ,9968 ,4542 ,415 ,16 ,159125 ,159125 ,9249 ,11247 ,25684 ,22355 ,22905 ,24955 ,20947 ,13320 ,7260 ,1146 ,57 
서울특별시 마포구 (1144000000),368905 ,368905 ,23661 ,27705 ,61353 ,63597 ,59819 ,54962 ,41205 ,23378 ,11521 ,1632 ,72 ,173504 ,173504 ,12103 ,13957 ,27427 ,30045 ,29007 ,26963 ,19240 ,9827 ,4462 ,452 ,21 ,195401 ,195401 ,11558 ,13748 ,33926 ,33552 ,30812 ,27999 ,21965 ,13551 ,7059 ,1180 ,51 
서울특별시 양천구 (1147000000),447302 ,447302 ,29534 ,49472 ,57388 ,55657 ,76508 ,76170 ,60280 ,29215 ,11300 ,1721 ,57 ,219214 ,219214 ,15181 ,25828 ,29126 ,27476 ,36550 ,37924 ,28809 ,13737 ,4164 ,408 ,11 ,228088 ,228088 ,14353 ,23644 ,28262 ,28181 ,39958 ,38246 ,31471 ,15478 ,7136 ,1313 ,46 
서울특별시 강서구 (1150000000),574315 ,574315 ,36646 ,43517 ,85652 ,97831 ,89266 ,84408 ,79382 ,39405 ,15603 ,2523 ,82 ,276292 ,276292 ,18619 ,22276 ,39227 ,49313 ,44826 ,40659 ,36628 ,18454 ,5700 ,571 ,19 ,298023 ,298023 ,18027 ,21241 ,46425 ,48518 ,44440 ,43749 ,42754 ,20951 ,9903 ,1952 ,63 
서울특별시 구로구 (1153000000),396754 ,396754 ,25967 ,29191 ,53703 ,61071 ,61183 ,62294 ,57489 ,31972 ,12288 ,1554 ,42 ,195537 ,195537 ,13255 ,14989 ,26291 ,31131 ,31333 ,30859 ,27124 ,15156 ,5002 ,385 ,12 ,201217 ,201217 ,12712 ,14202 ,27412 ,29940 ,29850 ,31435 ,30365 ,16816 ,7286 ,1169 ,30 
서울특별시 금천구 (1154500000),230811 ,230811 ,11676 ,13955 ,37202 ,36570 ,31638 ,39348 ,34564 ,17974 ,6976 ,878 ,30 ,116527 ,116527 ,6018 ,7057 ,18339 ,20237 ,16674 ,19762 ,16976 ,8433 ,2801 ,223 ,7 ,114284 ,114284 ,5658 ,6898 ,18863 ,16333 ,14964 ,19586 ,17588 ,9541 ,4175 ,655 ,23 
서울특별시 영등포구 (1156000000),376837 ,376837 ,24756 ,23640 ,58693 ,69403 ,55441 ,56262 ,48250 ,26867 ,11950 ,1522 ,53 ,185926 ,185926 ,12670 ,12307 ,27187 ,35400 ,28562 ,28723 ,23432 ,12335 ,4876 ,421 ,13 ,190911 ,190911 ,12086 ,11333 ,31506 ,34003 ,26879 ,27539 ,24818 ,14532 ,7074 ,1101 ,40 
서울특별시 동작구 (1159000000),385483 ,385483 ,22992 ,26967 ,64882 ,60826 ,57207 ,58073 ,50478 ,29582 ,12617 ,1775 ,84 ,186426 ,186426 ,11754 ,13821 ,31308 ,30743 ,28686 ,28059 ,23298 ,13106 ,5155 ,476 ,20 ,199057 ,199057 ,11238 ,13146 ,33574 ,30083 ,28521 ,30014 ,27180 ,16476 ,7462 ,1299 ,64 
서울특별시 관악구 (1162000000),485699 ,485699 ,19843 ,27057 ,108154 ,85556 ,65543 ,67025 ,59970 ,36640 ,14186 ,1664 ,61 ,243991 ,243991 ,10186 ,13835 ,52492 ,47453 ,35040 ,33980 ,27931 ,16709 ,5948 ,408 ,9 ,241708 ,241708 ,9657 ,13222 ,55662 ,38103 ,30503 ,33045 ,32039 ,19931 ,8238 ,1256 ,52 
서울특별시 서초구 (1165000000),412279 ,412279 ,31699 ,44477 ,52009 ,59545 ,75078 ,62579 ,48095 ,26738 ,10219 ,1747 ,93 ,197034 ,197034 ,16281 ,22620 ,24977 ,27299 ,35141 ,31059 ,22176 ,12481 ,4511 ,465 ,24 ,215245 ,215245 ,15418 ,21857 ,27032 ,32246 ,39937 ,31520 ,25919 ,14257 ,5708 ,1282 ,69 
서울특별시 강남구 (1168000000),533042 ,533042 ,34726 ,59141 ,70774 ,77662 ,97729 ,81956 ,61527 ,34567 ,12600 ,2254 ,106 ,255047 ,255047 ,17904 ,30864 ,33686 ,35758 ,45110 ,41108 ,28300 ,16281 ,5472 ,547 ,17 ,277995 ,277995 ,16822 ,28277 ,37088 ,41904 ,52619 ,40848 ,33227 ,18286 ,7128 ,1707 ,89 
서울특별시 송파구 (1171000000),658338 ,658338 ,48373 ,57635 ,90422 ,106630 ,107209 ,101614 ,87536 ,41260 ,15002 ,2567 ,90 ,317346 ,317346 ,24871 ,29494 ,43016 ,50866 ,51891 ,49314 ,41101 ,20147 ,6015 ,616 ,15 ,340992 ,340992 ,23502 ,28141 ,47406 ,55764 ,55318 ,52300 ,46435 ,21113 ,8987 ,1951 ,75 
서울특별시 강동구 (1174000000),462664 ,462664 ,34321 ,38850 ,60467 ,71097 ,74854 ,71766 ,66582 ,31518 ,11293 ,1836 ,80 ,227002 ,227002 ,17832 ,20491 ,29554 ,35183 ,37397 ,35258 ,31299 ,15181 ,4411 ,376 ,20 ,235662 ,235662 ,16489 ,18359 ,30913 ,35914 ,37457 ,36508 ,35283 ,16337 ,6882 ,1460 ,60 
부산광역시  (2600000000),3350380 ,3350380 ,219611 ,266105 ,415549 ,405300 ,502391 ,554768 ,548878 ,298128 ,123791 ,15457 ,402 ,1639044 ,1639044 ,112744 ,137079 ,215370 ,207947 ,253509 ,270303 ,258914 ,134692 ,45094 ,3330 ,62 ,1711336 ,1711336 ,106867 ,129026 ,200179 ,197353 ,248882 ,284465 ,289964 ,163436 ,78697 ,12127 ,340 
부산광역시 중구 (2611000000),40524 ,40524 ,1117 ,1872 ,5839 ,4477 ,5118 ,6722 ,7918 ,4962 ,2169 ,323 ,7 ,19755 ,19755 ,590 ,937 ,2836 ,2411 ,2808 ,3417 ,3770 ,2129 ,777 ,80 ,0 ,20769 ,20769 ,527 ,935 ,3003 ,2066 ,2310 ,3305 ,4148 ,2833 ,1392 ,243 ,7 
부산광역시 서구 (2614000000),105164 ,105164 ,5310 ,7082 ,13028 ,10552 ,14164 ,17090 ,19315 ,12232 ,5659 ,714 ,18 ,50853 ,50853 ,2773 ,3623 ,6301 ,5424 ,7323 ,8809 ,9021 ,5356 ,2085 ,133 ,5 ,54311 ,54311 ,2537 ,3459 ,6727 ,5128 ,6841 ,8281 ,10294 ,6876 ,3574 ,581 ,13 
부산광역시 동구 (2617000000),87679 ,87679 ,3964 ,4824 ,10278 ,10400 ,11575 ,14296 ,16111 ,10677 ,4935 ,604 ,15 ,42877 ,42877 ,2106 ,2494 ,5156 ,5476 ,6242 ,7370 ,7572 ,4625 ,1690 ,143 ,3 ,44802 ,44802 ,1858 ,2330 ,5122 ,4924 ,5333 ,6926 ,8539 ,6052 ,3245 ,461 ,12 
부산광역시 영도구 (2620000000),110638 ,110638 ,4874 ,7042 ,11465 ,10253 ,14550 ,18600 ,22346 ,14549 ,6222 ,710 ,27 ,54471 ,54471 ,2482 ,3576 ,6285 ,5538 ,7616 ,9594 ,10680 ,6367 ,2186 ,145 ,2 ,56167 ,56167 ,2392 ,3466 ,5180 ,4715 ,6934 ,9006 ,11666 ,8182 ,4036 ,565 ,25 
부산광역시 부산진구 (2623000000),353159 ,353159 ,20097 ,24034 ,50989 ,47020 ,50121 ,56616 ,57250 ,31720 ,13738 ,1549 ,25 ,170181 ,170181 ,10192 ,12174 ,24653 ,24003 ,25405 ,27521 ,26771 ,14130 ,4986 ,343 ,3 ,182978 ,182978 ,9905 ,11860 ,26336 ,23017 ,24716 ,29095 ,30479 ,17590 ,8752 ,1206 ,22 
부산광역시 동래구 (2626000000),266866 ,266866 ,18726 ,24522 ,31201 ,31643 ,42507 ,43330 ,42034 ,22835 ,8917 ,1123 ,28 ,129681 ,129681 ,9688 ,12748 ,16241 ,15926 ,20819 ,20704 ,19392 ,10472 ,3432 ,255 ,4 ,137185 ,137185 ,9038 ,11774 ,14960 ,15717 ,21688 ,22626 ,22642 ,12363 ,5485 ,868 ,24 
부산광역시 남구 (2629000000),262069 ,262069 ,16611 ,22527 ,34143 ,28193 ,40440 ,42202 ,41484 ,25136 ,10112 ,1191 ,30 ,127955 ,127955 ,8466 ,11605 ,17963 ,14503 ,20282 ,20677 ,19089 ,11187 ,3917 ,261 ,5 ,134114 ,134114 ,8145 ,10922 ,16180 ,13690 ,20158 ,21525 ,22395 ,13949 ,6195 ,930 ,25 
부산광역시 북구 (2632000000),283211 ,283211 ,18340 ,22445 ,35666 ,33678 ,39791 ,52430 ,48637 ,22196 ,8898 ,1107 ,23 ,139795 ,139795 ,9420 ,11687 ,19066 ,17618 ,19832 ,24734 ,23932 ,10211 ,3085 ,208 ,2 ,143416 ,143416 ,8920 ,10758 ,16600 ,16060 ,19959 ,27696 ,24705 ,11985 ,5813 ,899 ,21 
부산광역시 해운대구 (2635000000),396438 ,396438 ,27097 ,36918 ,46850 ,45120 ,63976 ,69405 ,60122 ,31233 ,13822 ,1840 ,55 ,190624 ,190624 ,13979 ,19015 ,24443 ,22146 ,30527 ,32997 ,28243 ,13911 ,4939 ,410 ,14 ,205814 ,205814 ,13118 ,17903 ,22407 ,22974 ,33449 ,36408 ,31879 ,17322 ,8883 ,1430 ,41 
부산광역시 사하구 (2638000000),306003 ,306003 ,18330 ,24510 ,38220 ,34919 ,44747 ,53211 ,53340 ,26964 ,10369 ,1367 ,26 ,152197 ,152197 ,9456 ,12649 ,20497 ,18564 ,22955 ,26129 ,25583 ,12422 ,3678 ,260 ,4 ,153806 ,153806 ,8874 ,11861 ,17723 ,16355 ,21792 ,27082 ,27757 ,14542 ,6691 ,1107 ,22 
부산광역시 금정구 (2641000000),228049 ,228049 ,12089 ,17215 ,32019 ,24174 ,31261 ,39018 ,39694 ,21942 ,9406 ,1201 ,30 ,111513 ,111513 ,6205 ,8876 ,17291 ,12685 ,15550 ,18643 ,18522 ,10001 ,3468 ,270 ,2 ,116536 ,116536 ,5884 ,8339 ,14728 ,11489 ,15711 ,20375 ,21172 ,11941 ,5938 ,931 ,28 
부산광역시 강서구 (2644000000),142918 ,142918 ,19700 ,12957 ,12565 ,26821 ,26072 ,17201 ,17050 ,7224 ,2845 ,471 ,12 ,74047 ,74047 ,10224 ,6589 ,6857 ,13637 ,14461 ,8978 ,8596 ,3619 ,990 ,94 ,2 ,68871 ,68871 ,9476 ,6368 ,5708 ,13184 ,11611 ,8223 ,8454 ,3605 ,1855 ,377 ,10 
부산광역시 연제구 (2647000000),207144 ,207144 ,13970 ,16236 ,24911 ,26303 ,31562 ,33531 ,33606 ,18582 ,7528 ,889 ,26 ,99761 ,99761 ,7045 ,8352 ,12631 ,13228 ,15562 ,15861 ,15459 ,8479 ,2938 ,201 ,5 ,107383 ,107383 ,6925 ,7884 ,12280 ,13075 ,16000 ,17670 ,18147 ,10103 ,4590 ,688 ,21 
부산광역시 수영구 (2650000000),175095 ,175095 ,9838 ,11464 ,23723 ,23505 ,24951 ,27141 ,29010 ,17297 ,7213 ,924 ,29 ,82609 ,82609 ,5039 ,5920 ,11423 ,11711 ,12308 ,12605 ,12834 ,7725 ,2791 ,246 ,7 ,92486 ,92486 ,4799 ,5544 ,12300 ,11794 ,12643 ,14536 ,16176 ,9572 ,4422 ,678 ,22 
부산광역시 사상구 (2653000000),208298 ,208298 ,11268 ,14409 ,27690 ,24248 ,28452 ,38940 ,38474 ,17718 ,6422 ,657 ,20 ,105034 ,105034 ,5771 ,7483 ,14717 ,13115 ,14973 ,19433 ,19041 ,8176 ,2211 ,112 ,2 ,103264 ,103264 ,5497 ,6926 ,12973 ,11133 ,13479 ,19507 ,19433 ,9542 ,4211 ,545 ,18 
부산광역시 기장군 (2671000000),177125 ,177125 ,18280 ,18048 ,16962 ,23994 ,33104 ,25035 ,22487 ,12861 ,5536 ,787 ,31 ,87691 ,87691 ,9308 ,9351 ,9010 ,11962 ,16846 ,12831 ,10409 ,5882 ,1921 ,169 ,2 ,89434 ,89434 ,8972 ,8697 ,7952 ,12032 ,16258 ,12204 ,12078 ,6979 ,3615 ,618 ,29 
대구광역시  (2700000000),2385412 ,2385412 ,167823 ,218537 ,308921 ,284865 ,372555 ,419444 ,342291 ,177828 ,82781 ,10122 ,245 ,1175632 ,1175632 ,85980 ,113890 ,164484 ,149452 ,183962 ,205369 ,162849 ,78079 ,29339 ,2197 ,31 ,1209780 ,1209780 ,81843 ,104647 ,144437 ,135413 ,188593 ,214075 ,179442 ,99749 ,53442 ,7925 ,214 
대구광역시 중구 (2711000000),74791 ,74791 ,5002 ,5003 ,11372 ,10583 ,10604 ,11025 ,10225 ,7000 ,3475 ,480 ,22 ,35948 ,35948 ,2562 ,2548 ,5442 ,5469 ,5361 ,5493 ,4726 ,2941 ,1283 ,120 ,3 ,38843 ,38843 ,2440 ,2455 ,5930 ,5114 ,5243 ,5532 ,5499 ,4059 ,2192 ,360 ,19 
대구광역시 동구 (2714000000),341436 ,341436 ,23998 ,26205 ,40513 ,43183 ,50977 ,56436 ,53656 ,30763 ,14073 ,1592 ,40 ,167888 ,167888 ,12248 ,13702 ,21518 ,22967 ,26123 ,27583 ,24891 ,13444 ,5057 ,345 ,10 ,173548 ,173548 ,11750 ,12503 ,18995 ,20216 ,24854 ,28853 ,28765 ,17319 ,9016 ,1247 ,30 
대구광역시 서구 (2717000000),164528 ,164528 ,6779 ,10107 ,19897 ,16715 ,21323 ,32298 ,32000 ,17251 ,7373 ,767 ,18 ,82241 ,82241 ,3505 ,5244 ,10876 ,9495 ,11496 ,16332 ,15023 ,7549 ,2596 ,124 ,1 ,82287 ,82287 ,3274 ,4863 ,9021 ,7220 ,9827 ,15966 ,16977 ,9702 ,4777 ,643 ,17 
대구광역시 남구 (2720000000),143175 ,143175 ,6329 ,8943 ,19735 ,16713 ,19414 ,24204 ,24316 ,14893 ,7636 ,974 ,18 ,68799 ,68799 ,3256 ,4733 ,9807 ,8888 ,9792 ,11879 ,11138 ,6321 ,2777 ,208 ,0 ,74376 ,74376 ,3073 ,4210 ,9928 ,7825 ,9622 ,12325 ,13178 ,8572 ,4859 ,766 ,18 
대구광역시 북구 (2723000000),437008 ,437008 ,31921 ,41761 ,61011 ,52587 ,70291 ,78215 ,57534 ,28982 ,13157 ,1518 ,31 ,217420 ,217420 ,16309 ,21676 ,32944 ,27763 ,34552 ,38696 ,27966 ,12587 ,4610 ,316 ,1 ,219588 ,219588 ,15612 ,20085 ,28067 ,24824 ,35739 ,39519 ,29568 ,16395 ,8547 ,1202 ,30 
대구광역시 수성구 (2726000000),417097 ,417097 ,28406 ,49315 ,52915 ,41672 ,69974 ,74743 ,54283 ,29098 ,14636 ,1998 ,57 ,201689 ,201689 ,14668 ,25941 ,28375 ,20519 ,31909 ,36043 ,25647 ,12684 ,5413 ,483 ,7 ,215408 ,215408 ,13738 ,23374 ,24540 ,21153 ,38065 ,38700 ,28636 ,16414 ,9223 ,1515 ,50 
대구광역시 달서구 (2729000000),544926 ,544926 ,36879 ,52726 ,75096 ,62906 ,85255 ,101488 ,77707 ,35207 ,15695 ,1925 ,42 ,268498 ,268498 ,18902 ,27306 ,39856 ,33164 ,41396 ,48925 ,37346 ,15769 ,5402 ,426 ,6 ,276428 ,276428 ,17977 ,25420 ,35240 ,29742 ,43859 ,52563 ,40361 ,19438 ,10293 ,1499 ,36 
대구광역시 달성군 (2771000000),262451 ,262451 ,28509 ,24477 ,28382 ,40506 ,44717 ,41035 ,32570 ,14634 ,6736 ,868 ,17 ,133149 ,133149 ,14530 ,12740 ,15666 ,21187 ,23333 ,20418 ,16112 ,6784 ,2201 ,175 ,3 ,129302 ,129302 ,13979 ,11737 ,12716 ,19319 ,21384 ,20617 ,16458 ,7850 ,4535 ,693 ,14 
인천광역시  (2800000000),2948375 ,2948375 ,217384 ,271131 ,391051 ,402091 ,481066 ,510969 ,399128 ,179244 ,82853 ,13041 ,417 ,1476373 ,1476373 ,111554 ,139390 ,203834 ,208279 ,246522 ,255130 ,197657 ,82211 ,28963 ,2749 ,84 ,1472002 ,1472002 ,105830 ,131741 ,187217 ,193812 ,234544 ,255839 ,201471 ,97033 ,53890 ,10292 ,333 
인천광역시 중구 (2811000000),143633 ,143633 ,11661 ,13147 ,18940 ,21991 ,25234 ,21230 ,17316 ,9371 ,4047 ,672 ,24 ,74679 ,74679 ,6036 ,6750 ,9750 ,11967 ,13752 ,11757 ,8713 ,4315 ,1477 ,154 ,8 ,68954 ,68954 ,5625 ,6397 ,9190 ,10024 ,11482 ,9473 ,8603 ,5056 ,2570 ,518 ,16 
인천광역시 중구영종출장소 (2811400000),0 ,0 ,0 ,0 ,0 ,0 ,0 ,0 ,0 ,0 ,0 ,0 ,0 ,0 ,0 ,0 ,0 ,0 ,0 ,0 ,0 ,0 ,0 ,0 ,0 ,0 ,0 ,0 ,0 ,0 ,0 ,0 ,0 ,0 ,0 ,0 ,0 ,0 ,0 
인천광역시 중구용유출장소 (2811800000),0 ,0 ,0 ,0 ,0 ,0 ,0 ,0 ,0 ,0 ,0 ,0 ,0 ,0 ,0 ,0 ,0 ,0 ,0 ,0 ,0 ,0 ,0 ,0 ,0 ,0 ,0 ,0 ,0 ,0 ,0 ,0 ,0 ,0 ,0 ,0 ,0 ,0 ,0 
인천광역시 동구 (2814000000),61486 ,61486 ,3473 ,4905 ,6381 ,6750 ,9698 ,9953 ,10397 ,6487 ,2980 ,450 ,12 ,30998 ,30998 ,1815 ,2538 ,3459 ,3619 ,5214 ,5308 ,5030 ,2869 ,1035 ,108 ,3 ,30488 ,30488 ,1658 ,2367 ,2922 ,3131 ,4484 ,4645 ,5367 ,3618 ,1945 ,342 ,9 
인천광역시 미추홀구 (2817700000),407464 ,407464 ,26104 ,31520 ,56905 ,55834 ,63525 ,67377 ,59014 ,31167 ,13915 ,2042 ,61 ,205283 ,205283 ,13331 ,16291 ,29929 ,30089 ,33688 ,34022 ,28194 ,14161 ,5106 ,458 ,14 ,202181 ,202181 ,12773 ,15229 ,26976 ,25745 ,29837 ,33355 ,30820 ,17006 ,8809 ,1584 ,47 
인천광역시 연수구 (2818500000),389644 ,389644 ,37087 ,43121 ,50625 ,56494 ,69025 ,65224 ,43076 ,15856 ,7694 ,1393 ,49 ,193417 ,193417 ,18925 ,22084 ,26341 ,27787 ,33867 ,32151 ,22017 ,7356 ,2597 ,283 ,9 ,196227 ,196227 ,18162 ,21037 ,24284 ,28707 ,35158 ,33073 ,21059 ,8500 ,5097 ,1110 ,40 
인천광역시 남동구 (2820000000),518272 ,518272 ,38030 ,48654 ,68723 ,69084 ,86799 ,89137 ,70806 ,31394 ,13473 ,2100 ,72 ,257468 ,257468 ,19613 ,24923 ,35526 ,35645 ,44284 ,43945 ,34212 ,14265 ,4647 ,399 ,9 ,260804 ,260804 ,18417 ,23731 ,33197 ,33439 ,42515 ,45192 ,36594 ,17129 ,8826 ,1701 ,63 
인천광역시 부평구 (2823700000),486765 ,486765 ,30404 ,41454 ,67235 ,66031 ,74842 ,87957 ,70399 ,31540 ,14661 ,2171 ,71 ,240348 ,240348 ,15515 ,21521 ,34420 ,34130 ,37815 ,42854 ,34261 ,14337 ,5025 ,458 ,12 ,246417 ,246417 ,14889 ,19933 ,32815 ,31901 ,37027 ,45103 ,36138 ,17203 ,9636 ,1713 ,59 
인천광역시 계양구 (2824500000),295696 ,295696 ,17269 ,25481 ,42409 ,38076 ,44577 ,59417 ,43573 ,15806 ,7840 ,1221 ,27 ,147316 ,147316 ,8785 ,13029 ,22286 ,19935 ,22298 ,28800 ,22170 ,7198 ,2547 ,262 ,6 ,148380 ,148380 ,8484 ,12452 ,20123 ,18141 ,22279 ,30617 ,21403 ,8608 ,5293 ,959 ,21 
인천광역시 서구 (2826000000),555380 ,555380 ,49272 ,57186 ,72140 ,80789 ,97411 ,95472 ,64760 ,25323 ,11136 ,1821 ,70 ,280398 ,280398 ,25406 ,29309 ,37300 ,41250 ,50035 ,48218 ,32976 ,11814 ,3725 ,349 ,16 ,274982 ,274982 ,23866 ,27877 ,34840 ,39539 ,47376 ,47254 ,31784 ,13509 ,7411 ,1472 ,54 
인천광역시 서구검단출장소 (2826500000),0 ,0 ,0 ,0 ,0 ,0 ,0 ,0 ,0 ,0 ,0 ,0 ,0 ,0 ,0 ,0 ,0 ,0 ,0 ,0 ,0 ,0 ,0 ,0 ,0 ,0 ,0 ,0 ,0 ,0 ,0 ,0 ,0 ,0 ,0 ,0 ,0 ,0 ,0 
인천광역시 강화군 (2871000000),69693 ,69693 ,3204 ,4566 ,5129 ,5201 ,7661 ,11745 ,15383 ,9939 ,5950 ,898 ,17 ,34868 ,34868 ,1680 ,2342 ,2948 ,2699 ,4132 ,6057 ,7693 ,4733 ,2362 ,218 ,4 ,34825 ,34825 ,1524 ,2224 ,2181 ,2502 ,3529 ,5688 ,7690 ,5206 ,3588 ,680 ,13 
인천광역시 옹진군 (2872000000),20342 ,20342 ,880 ,1097 ,2564 ,1841 ,2294 ,3457 ,4404 ,2361 ,1157 ,273 ,14 ,11598 ,11598 ,448 ,603 ,1875 ,1158 ,1437 ,2018 ,2391 ,1163 ,442 ,60 ,3 ,8744 ,8744 ,432 ,494 ,689 ,683 ,857 ,1439 ,2013 ,1198 ,715 ,213 ,11 
광주광역시  (2900000000),1441611 ,1441611 ,114065 ,152404 ,206472 ,181189 ,236167 ,235764 ,172124 ,94547 ,42636 ,6066 ,177 ,713015 ,713015 ,58516 ,78857 ,107781 ,92783 ,117383 ,116983 ,82025 ,42016 ,15333 ,1316 ,22 ,728596 ,728596 ,55549 ,73547 ,98691 ,88406 ,118784 ,118781 ,90099 ,52531 ,27303 ,4750 ,155 
광주광역시 동구 (2911000000),103470 ,103470 ,7294 ,7263 ,14859 ,13419 ,14115 ,15475 ,15134 ,10228 ,4976 ,688 ,19 ,51046 ,51046 ,3775 ,3709 ,7640 ,6925 ,7394 ,7666 ,7112 ,4550 ,2074 ,197 ,4 ,52424 ,52424 ,3519 ,3554 ,7219 ,6494 ,6721 ,7809 ,8022 ,5678 ,2902 ,491 ,15 
광주광역시 서구 (2914000000),291231 ,291231 ,20175 ,29862 ,44576 ,35000 ,46978 ,49483 ,35833 ,19467 ,8610 ,1208 ,39 ,142721 ,142721 ,10423 ,15742 ,22837 ,17822 ,22778 ,24204 ,16843 ,8644 ,3151 ,275 ,2 ,148510 ,148510 ,9752 ,14120 ,21739 ,17178 ,24200 ,25279 ,18990 ,10823 ,5459 ,933 ,37 
광주광역시 남구 (2915500000),215575 ,215575 ,17062 ,22739 ,27524 ,25221 ,34277 ,32988 ,29154 ,17585 ,7860 ,1137 ,28 ,103542 ,103542 ,8699 ,11345 ,14094 ,12515 ,16861 ,15697 ,13319 ,7827 ,2935 ,244 ,6 ,112033 ,112033 ,8363 ,11394 ,13430 ,12706 ,17416 ,17291 ,15835 ,9758 ,4925 ,893 ,22 
광주광역시 북구 (2917000000),427114 ,427114 ,31994 ,41359 ,61142 ,54563 ,65746 ,71348 ,56057 ,30050 ,12971 ,1827 ,57 ,211999 ,211999 ,16375 ,21770 ,32157 ,28456 ,33096 ,34959 ,26636 ,13488 ,4671 ,385 ,6 ,215115 ,215115 ,15619 ,19589 ,28985 ,26107 ,32650 ,36389 ,29421 ,16562 ,8300 ,1442 ,51 
광주광역시 광산구 (2920000000),404221 ,404221 ,37540 ,51181 ,58371 ,52986 ,75051 ,66470 ,35946 ,17217 ,8219 ,1206 ,34 ,203707 ,203707 ,19244 ,26291 ,31053 ,27065 ,37254 ,34457 ,18115 ,7507 ,2502 ,215 ,4 ,200514 ,200514 ,18296 ,24890 ,27318 ,25921 ,37797 ,32013 ,17831 ,9710 ,5717 ,991 ,30 
대전광역시  (3000000000),1452251 ,1452251 ,107548 ,142175 ,209397 ,189669 ,231018 ,240017 ,190514 ,92390 ,43199 ,6155 ,169 ,724626 ,724626 ,55295 ,73527 ,109664 ,99378 ,115072 ,119967 ,92406 ,42139 ,15747 ,1405 ,26 ,727625 ,727625 ,52253 ,68648 ,99733 ,90291 ,115946 ,120050 ,98108 ,50251 ,27452 ,4750 ,143 
대전광역시 동구 (3011000000),222222 ,222222 ,14156 ,19474 ,30090 ,25243 ,33446 ,36280 ,34291 ,19154 ,8880 ,1174 ,34 ,111953 ,111953 ,7348 ,10087 ,15862 ,13646 ,17511 ,18762 ,16588 ,8640 ,3215 ,288 ,6 ,110269 ,110269 ,6808 ,9387 ,14228 ,11597 ,15935 ,17518 ,17703 ,10514 ,5665 ,886 ,28 
대전광역시 중구 (3014000000),230341 ,230341 ,13883 ,20948 ,30051 ,24970 ,35204 ,38869 ,34798 ,20521 ,9735 ,1326 ,36 ,113507 ,113507 ,7099 ,10816 ,15297 ,12898 ,17799 ,19703 ,16646 ,9189 ,3740 ,312 ,8 ,116834 ,116834 ,6784 ,10132 ,14754 ,12072 ,17405 ,19166 ,18152 ,11332 ,5995 ,1014 ,28 
대전광역시 서구 (3017000000),473365 ,473365 ,35861 ,48149 ,72847 ,64713 ,76261 ,76797 ,58390 ,26485 ,12047 ,1766 ,49 ,232714 ,232714 ,18470 ,24805 ,37149 ,33146 ,36910 ,37251 ,27998 ,12130 ,4451 ,397 ,7 ,240651 ,240651 ,17391 ,23344 ,35698 ,31567 ,39351 ,39546 ,30392 ,14355 ,7596 ,1369 ,42 
대전광역시 유성구 (3020000000),351277 ,351277 ,33129 ,37818 ,52312 ,54802 ,59950 ,54745 ,36673 ,13867 ,6816 ,1141 ,24 ,177463 ,177463 ,17061 ,19578 ,28055 ,28748 ,29452 ,27333 ,18166 ,6509 ,2308 ,250 ,3 ,173814 ,173814 ,16068 ,18240 ,24257 ,26054 ,30498 ,27412 ,18507 ,7358 ,4508 ,891 ,21 
대전광역시 대덕구 (3023000000),175046 ,175046 ,10519 ,15786 ,24097 ,19941 ,26157 ,33326 ,26362 ,12363 ,5721 ,748 ,26 ,88989 ,88989 ,5317 ,8241 ,13301 ,10940 ,13400 ,16918 ,13008 ,5671 ,2033 ,158 ,2 ,86057 ,86057 ,5202 ,7545 ,10796 ,9001 ,12757 ,16408 ,13354 ,6692 ,3688 ,590 ,24 
울산광역시  (3100000000),1121592 ,1121592 ,92018 ,109990 ,137422 ,144891 ,183954 ,207056 ,155775 ,63024 ,24119 ,3276 ,67 ,576217 ,576217 ,47302 ,57743 ,77588 ,77145 ,94084 ,105062 ,78393 ,30110 ,8218 ,568 ,4 ,545375 ,545375 ,44716 ,52247 ,59834 ,67746 ,89870 ,101994 ,77382 ,32914 ,15901 ,2708 ,63 
울산광역시 중구 (3111000000),212883 ,212883 ,15265 ,19455 ,25187 ,25105 ,33097 ,40252 ,33526 ,14861 ,5467 ,657 ,11 ,107736 ,107736 ,7858 ,10332 ,14133 ,13186 ,16910 ,20049 ,16319 ,6885 ,1950 ,113 ,1 ,105147 ,105147 ,7407 ,9123 ,11054 ,11919 ,16187 ,20203 ,17207 ,7976 ,3517 ,544 ,10 
울산광역시 남구 (3114000000),313819 ,313819 ,22540 ,29145 ,43368 ,40846 ,49604 ,60666 ,43790 ,17133 ,5993 ,721 ,13 ,160055 ,160055 ,11593 ,15408 ,24203 ,21901 ,24419 ,30324 ,21792 ,8144 ,2141 ,130 ,0 ,153764 ,153764 ,10947 ,13737 ,19165 ,18945 ,25185 ,30342 ,21998 ,8989 ,3852 ,591 ,13 
울산광역시 동구 (3117000000),154096 ,154096 ,13711 ,15654 ,16724 ,21336 ,26172 ,24775 ,23831 ,8881 ,2645 ,359 ,8 ,80417 ,80417 ,6981 ,8295 ,9374 ,11721 ,14262 ,12480 ,11802 ,4539 ,908 ,54 ,1 ,73679 ,73679 ,6730 ,7359 ,7350 ,9615 ,11910 ,12295 ,12029 ,4342 ,1737 ,305 ,7 
울산광역시 북구 (3120000000),218735 ,218735 ,24039 ,23783 ,26213 ,32810 ,39009 ,38898 ,22365 ,7904 ,3224 ,473 ,17 ,113265 ,113265 ,12400 ,12289 ,15040 ,17110 ,20001 ,19842 ,11777 ,3726 ,1006 ,73 ,1 ,105470 ,105470 ,11639 ,11494 ,11173 ,15700 ,19008 ,19056 ,10588 ,4178 ,2218 ,400 ,16 
울산광역시 울주군 (3171000000),222059 ,222059 ,16463 ,21953 ,25930 ,24794 ,36072 ,42465 ,32263 ,14245 ,6790 ,1066 ,18 ,114744 ,114744 ,8470 ,11419 ,14838 ,13227 ,18492 ,22367 ,16703 ,6816 ,2213 ,198 ,1 ,107315 ,107315 ,7993 ,10534 ,11092 ,11567 ,17580 ,20098 ,15560 ,7429 ,4577 ,868 ,17 
세종특별자치시  (3600000000),371895 ,371895 ,47063 ,45794 ,38510 ,61719 ,72764 ,48876 ,33522 ,14775 ,7557 ,1288 ,27 ,185678 ,185678 ,23984 ,23081 ,19728 ,30131 ,36831 ,25581 ,16596 ,6870 ,2606 ,263 ,7 ,186217 ,186217 ,23079 ,22713 ,18782 ,31588 ,35933 ,23295 ,16926 ,7905 ,4951 ,1025 ,20 
세종특별자치시  (3611000000),371895 ,371895 ,47063 ,45794 ,38510 ,61719 ,72764 ,48876 ,33522 ,14775 ,7557 ,1288 ,27 ,185678 ,185678 ,23984 ,23081 ,19728 ,30131 ,36831 ,25581 ,16596 ,6870 ,2606 ,263 ,7 ,186217 ,186217 ,23079 ,22713 ,18782 ,31588 ,35933 ,23295 ,16926 ,7905 ,4951 ,1025 ,20 
경기도  (4100000000),13565450 ,13565450 ,1099927 ,1321005 ,1798269 ,1900447 ,2296173 ,2274844 ,1669601 ,773573 ,374488 ,55363 ,1760 ,6827298 ,6827298 ,562739 ,678063 ,947823 ,983619 ,1168232 ,1152627 ,830282 ,352810 ,137676 ,13079 ,348 ,6738152 ,6738152 ,537188 ,642942 ,850446 ,916828 ,1127941 ,1122217 ,839319 ,420763 ,236812 ,42284 ,1412 
북부출장소  (4110500000),0 ,0 ,0 ,0 ,0 ,0 ,0 ,0 ,0 ,0 ,0 ,0 ,0 ,0 ,0 ,0 ,0 ,0 ,0 ,0 ,0 ,0 ,0 ,0 ,0 ,0 ,0 ,0 ,0 ,0 ,0 ,0 ,0 ,0 ,0 ,0 ,0 ,0 ,0 
경기도 수원시 (4111000000),1183714 ,1183714 ,91037 ,115369 ,184258 ,177205 ,199224 ,197487 ,131329 ,56826 ,26801 ,4036 ,142 ,595933 ,595933 ,46850 ,59563 ,96683 ,93017 ,100275 ,98577 ,64979 ,25550 ,9506 ,911 ,22 ,587781 ,587781 ,44187 ,55806 ,87575 ,84188 ,98949 ,98910 ,66350 ,31276 ,17295 ,3125 ,120 
경기도 수원시 장안구 (4111100000),273835 ,273835 ,17502 ,27765 ,43509 ,33068 ,44157 ,49282 ,33446 ,15772 ,7996 ,1301 ,37 ,137861 ,137861 ,8954 ,14413 ,23785 ,17445 ,21867 ,24630 ,16541 ,6972 ,2935 ,312 ,7 ,135974 ,135974 ,8548 ,13352 ,19724 ,15623 ,22290 ,24652 ,16905 ,8800 ,5061 ,989 ,30 
경기도 수원시 권선구 (4111300000),364136 ,364136 ,29791 ,32524 ,52863 ,56472 ,60467 ,61603 ,43524 ,17636 ,8036 ,1172 ,48 ,183925 ,183925 ,15330 ,16847 ,27618 ,29819 ,31255 ,30395 ,21500 ,8120 ,2771 ,263 ,7 ,180211 ,180211 ,14461 ,15677 ,25245 ,26653 ,29212 ,31208 ,22024 ,9516 ,5265 ,909 ,41 
경기도 수원시 팔달구 (4111500000),182321 ,182321 ,10055 ,13684 ,30306 ,27063 ,27452 ,31125 ,24522 ,11977 ,5407 ,703 ,27 ,91926 ,91926 ,5102 ,7020 ,15512 ,14785 ,14220 ,15810 ,11986 ,5355 ,1959 ,173 ,4 ,90395 ,90395 ,4953 ,6664 ,14794 ,12278 ,13232 ,15315 ,12536 ,6622 ,3448 ,530 ,23 
경기도 수원시 영통구 (4111700000),363422 ,363422 ,33689 ,41396 ,57580 ,60602 ,67148 ,55477 ,29837 ,11441 ,5362 ,860 ,30 ,182221 ,182221 ,17464 ,21283 ,29768 ,30968 ,32933 ,27742 ,14952 ,5103 ,1841 ,163 ,4 ,181201 ,181201 ,16225 ,20113 ,27812 ,29634 ,34215 ,27735 ,14885 ,6338 ,3521 ,697 ,26 
경기도 성남시 (4113000000),930948 ,930948 ,65673 ,85554 ,127520 ,135164 ,153076 ,155353 ,120379 ,57626 ,26243 ,4228 ,132 ,461131 ,461131 ,33541 ,43856 ,65418 ,69035 ,75334 ,77810 ,58860 ,26212 ,9970 ,1065 ,30 ,469817 ,469817 ,32132 ,41698 ,62102 ,66129 ,77742 ,77543 ,61519 ,31414 ,16273 ,3163 ,102 
경기도 성남시 수정구 (4113100000),235988 ,235988 ,14911 ,16814 ,33642 ,34981 ,36276 ,40067 ,34874 ,16864 ,6655 ,870 ,34 ,119517 ,119517 ,7547 ,8619 ,17690 ,18737 ,19143 ,20519 ,16984 ,7631 ,2434 ,205 ,8 ,116471 ,116471 ,7364 ,8195 ,15952 ,16244 ,17133 ,19548 ,17890 ,9233 ,4221 ,665 ,26 
경기도 성남시 중원구 (4113300000),210777 ,210777 ,12166 ,15618 ,29885 ,30636 ,31570 ,36767 ,32076 ,15156 ,6024 ,852 ,27 ,106772 ,106772 ,6214 ,8070 ,15493 ,16600 ,16557 ,18690 ,15829 ,6956 ,2202 ,157 ,4 ,104005 ,104005 ,5952 ,7548 ,14392 ,14036 ,15013 ,18077 ,16247 ,8200 ,3822 ,695 ,23 
경기도 성남시 분당구 (4113500000),484183 ,484183 ,38596 ,53122 ,63993 ,69547 ,85230 ,78519 ,53429 ,25606 ,13564 ,2506 ,71 ,234842 ,234842 ,19780 ,27167 ,32235 ,33698 ,39634 ,38601 ,26047 ,11625 ,5334 ,703 ,18 ,249341 ,249341 ,18816 ,25955 ,31758 ,35849 ,45596 ,39918 ,27382 ,13981 ,8230 ,1803 ,53 
경기도 의정부시 (4115000000),463661 ,463661 ,32996 ,41616 ,64284 ,60071 ,73614 ,81152 ,61579 ,31279 ,15055 ,1960 ,55 ,228538 ,228538 ,17090 ,21464 ,32580 ,30734 ,37060 ,39952 ,29805 ,13771 ,5615 ,459 ,8 ,235123 ,235123 ,15906 ,20152 ,31704 ,29337 ,36554 ,41200 ,31774 ,17508 ,9440 ,1501 ,47 
경기도 안양시 (4117000000),547178 ,547178 ,37820 ,50835 ,74873 ,77334 ,85661 ,96054 ,75518 ,32006 ,14747 ,2271 ,59 ,270496 ,270496 ,19253 ,26360 ,38745 ,39831 ,42175 ,46687 ,37011 ,14725 ,5178 ,523 ,8 ,276682 ,276682 ,18567 ,24475 ,36128 ,37503 ,43486 ,49367 ,38507 ,17281 ,9569 ,1748 ,51 
경기도 안양시 만안구 (4117100000),238311 ,238311 ,14791 ,18126 ,33537 ,33149 ,34205 ,42745 ,36733 ,16598 ,7369 ,1031 ,27 ,119239 ,119239 ,7485 ,9455 ,17498 ,17519 ,17625 ,20957 ,18052 ,7729 ,2687 ,230 ,2 ,119072 ,119072 ,7306 ,8671 ,16039 ,15630 ,16580 ,21788 ,18681 ,8869 ,4682 ,801 ,25 
경기도 안양시 동안구 (4117300000),308867 ,308867 ,23029 ,32709 ,41336 ,44185 ,51456 ,53309 ,38785 ,15408 ,7378 ,1240 ,32 ,151257 ,151257 ,11768 ,16905 ,21247 ,22312 ,24550 ,25730 ,18959 ,6996 ,2491 ,293 ,6 ,157610 ,157610 ,11261 ,15804 ,20089 ,21873 ,26906 ,27579 ,19826 ,8412 ,4887 ,947 ,26 
경기도 부천시 (4119000000),806067 ,806067 ,53029 ,67956 ,112129 ,112466 ,125249 ,144782 ,118614 ,47504 ,20979 ,3236 ,123 ,399484 ,399484 ,27336 ,34805 ,57852 ,57906 ,63207 ,70156 ,58182 ,22149 ,7119 ,745 ,27 ,406583 ,406583 ,25693 ,33151 ,54277 ,54560 ,62042 ,74626 ,60432 ,25355 ,13860 ,2491 ,96 
경기도 광명시 (4121000000),292893 ,292893 ,21820 ,29533 ,36783 ,39974 ,49814 ,48957 ,39425 ,17625 ,7816 ,1113 ,33 ,144384 ,144384 ,11124 ,15223 ,19149 ,20343 ,24549 ,24371 ,18745 ,7986 ,2656 ,229 ,9 ,148509 ,148509 ,10696 ,14310 ,17634 ,19631 ,25265 ,24586 ,20680 ,9639 ,5160 ,884 ,24 
경기도 평택시 (4122000000),564288 ,564288 ,50065 ,54204 ,77667 ,86448 ,97562 ,91369 ,61059 ,28855 ,14963 ,2036 ,60 ,293954 ,293954 ,25414 ,27910 ,43129 ,47642 ,52317 ,48259 ,30727 ,12742 ,5332 ,470 ,12 ,270334 ,270334 ,24651 ,26294 ,34538 ,38806 ,45245 ,43110 ,30332 ,16113 ,9631 ,1566 ,48 
경기도 송탄출장소 (4122200000),0 ,0 ,0 ,0 ,0 ,0 ,0 ,0 ,0 ,0 ,0 ,0 ,0 ,0 ,0 ,0 ,0 ,0 ,0 ,0 ,0 ,0 ,0 ,0 ,0 ,0 ,0 ,0 ,0 ,0 ,0 ,0 ,0 ,0 ,0 ,0 ,0 ,0 ,0 
경기도 안중출장소 (4122400000),0 ,0 ,0 ,0 ,0 ,0 ,0 ,0 ,0 ,0 ,0 ,0 ,0 ,0 ,0 ,0 ,0 ,0 ,0 ,0 ,0 ,0 ,0 ,0 ,0 ,0 ,0 ,0 ,0 ,0 ,0 ,0 ,0 ,0 ,0 ,0 ,0 ,0 ,0 
경기도 동두천시 (4125000000),93592 ,93592 ,5830 ,8392 ,11053 ,10009 ,13815 ,16452 ,14139 ,8523 ,4755 ,603 ,21 ,46694 ,46694 ,2994 ,4214 ,5971 ,5248 ,7117 ,8676 ,6964 ,3605 ,1742 ,159 ,4 ,46898 ,46898 ,2836 ,4178 ,5082 ,4761 ,6698 ,7776 ,7175 ,4918 ,3013 ,444 ,17 
경기도 안산시 (4127000000),652726 ,652726 ,41776 ,61237 ,105330 ,85216 ,103891 ,128126 ,79223 ,30184 ,15378 ,2287 ,78 ,334646 ,334646 ,21370 ,31490 ,55970 ,46519 ,53374 ,65237 ,41419 ,13681 ,5089 ,482 ,15 ,318080 ,318080 ,20406 ,29747 ,49360 ,38697 ,50517 ,62889 ,37804 ,16503 ,10289 ,1805 ,63 
경기도 안산시 상록구 (4127100000),350668 ,350668 ,21870 ,33057 ,57795 ,43876 ,55489 ,69321 ,42156 ,16881 ,8853 ,1326 ,44 ,178943 ,178943 ,11174 ,16928 ,30744 ,23853 ,28364 ,35216 ,21929 ,7483 ,2938 ,306 ,8 ,171725 ,171725 ,10696 ,16129 ,27051 ,20023 ,27125 ,34105 ,20227 ,9398 ,5915 ,1020 ,36 
경기도 안산시 단원구 (4127300000),302058 ,302058 ,19906 ,28180 ,47535 ,41340 ,48402 ,58805 ,37067 ,13303 ,6525 ,961 ,34 ,155703 ,155703 ,10196 ,14562 ,25226 ,22666 ,25010 ,30021 ,19490 ,6198 ,2151 ,176 ,7 ,146355 ,146355 ,9710 ,13618 ,22309 ,18674 ,23392 ,28784 ,17577 ,7105 ,4374 ,785 ,27 
경기도 고양시 (4128000000),1079353 ,1079353 ,77938 ,102354 ,146570 ,142754 ,177365 ,197066 ,133115 ,61394 ,35438 ,5208 ,151 ,528094 ,528094 ,39711 ,52320 ,75061 ,71140 ,85933 ,96573 ,66719 ,26438 ,12827 ,1335 ,37 ,551259 ,551259 ,38227 ,50034 ,71509 ,71614 ,91432 ,100493 ,66396 ,34956 ,22611 ,3873 ,114 
경기도 고양시 덕양구 (4128100000),482927 ,482927 ,37138 ,41209 ,61897 ,69046 ,78294 ,84104 ,62484 ,30344 ,16125 ,2218 ,68 ,238375 ,238375 ,18931 ,21067 ,31961 ,34812 ,39201 ,41795 ,30997 ,13174 ,5865 ,557 ,15 ,244552 ,244552 ,18207 ,20142 ,29936 ,34234 ,39093 ,42309 ,31487 ,17170 ,10260 ,1661 ,53 
경기도 고양시 일산동구 (4128500000),298873 ,298873 ,19825 ,28709 ,43692 ,38249 ,49522 ,56499 ,36055 ,15423 ,9359 ,1504 ,36 ,145362 ,145362 ,10160 ,14724 ,22000 ,18880 ,23451 ,27436 ,18250 ,6693 ,3373 ,382 ,13 ,153511 ,153511 ,9665 ,13985 ,21692 ,19369 ,26071 ,29063 ,17805 ,8730 ,5986 ,1122 ,23 
경기도 고양시 일산서구 (4128700000),297553 ,297553 ,20975 ,32436 ,40981 ,35459 ,49549 ,56463 ,34576 ,15627 ,9954 ,1486 ,47 ,144357 ,144357 ,10620 ,16529 ,21100 ,17448 ,23281 ,27342 ,17472 ,6571 ,3589 ,396 ,9 ,153196 ,153196 ,10355 ,15907 ,19881 ,18011 ,26268 ,29121 ,17104 ,9056 ,6365 ,1090 ,38 
경기도 과천시 (4129000000),73345 ,73345 ,6488 ,7014 ,9710 ,10669 ,10892 ,12677 ,9288 ,4086 ,2115 ,394 ,12 ,36092 ,36092 ,3378 ,3588 ,5117 ,5310 ,5324 ,6103 ,4549 ,1832 ,786 ,102 ,3 ,37253 ,37253 ,3110 ,3426 ,4593 ,5359 ,5568 ,6574 ,4739 ,2254 ,1329 ,292 ,9 
경기도 구리시 (4131000000),191948 ,191948 ,13946 ,17311 ,25915 ,25118 ,31306 ,34889 ,26034 ,11548 ,5201 ,662 ,18 ,95172 ,95172 ,7204 ,8872 ,13320 ,12660 ,15668 ,17142 ,12952 ,5217 ,1955 ,177 ,5 ,96776 ,96776 ,6742 ,8439 ,12595 ,12458 ,15638 ,17747 ,13082 ,6331 ,3246 ,485 ,13 
경기도 남양주시 (4136000000),733798 ,733798 ,63527 ,78293 ,86336 ,90426 ,132228 ,122453 ,90900 ,46068 ,20519 ,2934 ,114 ,365103 ,365103 ,32641 ,40342 ,44876 ,44673 ,66249 ,62456 ,44243 ,21078 ,7842 ,682 ,21 ,368695 ,368695 ,30886 ,37951 ,41460 ,45753 ,65979 ,59997 ,46657 ,24990 ,12677 ,2252 ,93 
경기도 풍양출장소 (4136200000),0 ,0 ,0 ,0 ,0 ,0 ,0 ,0 ,0 ,0 ,0 ,0 ,0 ,0 ,0 ,0 ,0 ,0 ,0 ,0 ,0 ,0 ,0 ,0 ,0 ,0 ,0 ,0 ,0 ,0 ,0 ,0 ,0 ,0 ,0 ,0 ,0 ,0 ,0 
경기도 오산시 (4137000000),229983 ,229983 ,21682 ,24904 ,31150 ,37349 ,43914 ,34049 ,22019 ,9954 ,4385 ,560 ,17 ,119409 ,119409 ,11092 ,12742 ,16891 ,20355 ,23409 ,17830 ,10933 ,4397 ,1640 ,118 ,2 ,110574 ,110574 ,10590 ,12162 ,14259 ,16994 ,20505 ,16219 ,11086 ,5557 ,2745 ,442 ,15 
경기도 시흥시 (4139000000),512030 ,512030 ,47577 ,50216 ,68964 ,77837 ,92511 ,90045 ,53472 ,20154 ,9691 ,1508 ,55 ,267423 ,267423 ,24171 ,25747 ,37460 ,41656 ,49973 ,47257 ,28380 ,9274 ,3200 ,296 ,9 ,244607 ,244607 ,23406 ,24469 ,31504 ,36181 ,42538 ,42788 ,25092 ,10880 ,6491 ,1212 ,46 
경기도 군포시 (4141000000),268535 ,268535 ,18634 ,25451 ,36836 ,37102 ,42586 ,47483 ,36014 ,15118 ,8014 ,1255 ,42 ,133246 ,133246 ,9527 ,13204 ,19179 ,19409 ,21056 ,23142 ,17648 ,6861 ,2871 ,338 ,11 ,135289 ,135289 ,9107 ,12247 ,17657 ,17693 ,21530 ,24341 ,18366 ,8257 ,5143 ,917 ,31 
경기도 의왕시 (4143000000),163356 ,163356 ,12631 ,14070 ,22666 ,22916 ,24033 ,29275 ,23335 ,9154 ,4484 ,773 ,19 ,81148 ,81148 ,6507 ,7240 ,11895 ,11779 ,12005 ,14029 ,11600 ,4318 ,1598 ,176 ,1 ,82208 ,82208 ,6124 ,6830 ,10771 ,11137 ,12028 ,15246 ,11735 ,4836 ,2886 ,597 ,18 
경기도 하남시 (4145000000),320087 ,320087 ,32803 ,28465 ,38289 ,53476 ,57481 ,45575 ,39037 ,17366 ,6445 ,1112 ,38 ,160163 ,160163 ,16819 ,14363 ,19192 ,26941 ,29884 ,22873 ,18878 ,8617 ,2349 ,242 ,5 ,159924 ,159924 ,15984 ,14102 ,19097 ,26535 ,27597 ,22702 ,20159 ,8749 ,4096 ,870 ,33 
경기도 용인시 (4146000000),1077508 ,1077508 ,94607 ,120420 ,137886 ,140537 ,197392 ,171534 ,114056 ,65921 ,30546 ,4463 ,146 ,534459 ,534459 ,48329 ,61632 ,71890 ,69724 ,97185 ,87064 ,54831 ,29688 ,12909 ,1185 ,22 ,543049 ,543049 ,46278 ,58788 ,65996 ,70813 ,100207 ,84470 ,59225 ,36233 ,17637 ,3278 ,124 
경기도 용인시 처인구 (4146100000),260198 ,260198 ,19959 ,24709 ,34685 ,33398 ,43521 ,44111 ,34423 ,16215 ,7913 ,1231 ,33 ,133503 ,133503 ,10220 ,12825 ,18873 ,17852 ,22884 ,22772 ,17388 ,7481 ,2944 ,258 ,6 ,126695 ,126695 ,9739 ,11884 ,15812 ,15546 ,20637 ,21339 ,17035 ,8734 ,4969 ,973 ,27 
경기도 용인시 기흥구 (4146300000),441742 ,441742 ,39745 ,50461 ,57187 ,57095 ,82407 ,69913 ,44188 ,26471 ,12415 ,1796 ,64 ,217999 ,217999 ,20367 ,25868 ,29880 ,28044 ,40204 ,35216 ,20822 ,11747 ,5331 ,509 ,11 ,223743 ,223743 ,19378 ,24593 ,27307 ,29051 ,42203 ,34697 ,23366 ,14724 ,7084 ,1287 ,53 
경기도 용인시 수지구 (4146500000),375568 ,375568 ,34903 ,45250 ,46014 ,50044 ,71464 ,57510 ,35445 ,23235 ,10218 ,1436 ,49 ,182957 ,182957 ,17742 ,22939 ,23137 ,23828 ,34097 ,29076 ,16621 ,10460 ,4634 ,418 ,5 ,192611 ,192611 ,17161 ,22311 ,22877 ,26216 ,37367 ,28434 ,18824 ,12775 ,5584 ,1018 ,44 
경기도 파주시 (4148000000),483245 ,483245 ,43432 ,50266 ,59462 ,68443 ,82974 ,77146 ,54958 ,28837 ,15420 ,2244 ,63 ,245085 ,245085 ,22142 ,25733 ,31937 ,36042 ,42536 ,40292 ,27464 ,12743 ,5627 ,555 ,14 ,238160 ,238160 ,21290 ,24533 ,27525 ,32401 ,40438 ,36854 ,27494 ,16094 ,9793 ,1689 ,49 
경기도 이천시 (4150000000),223177 ,223177 ,17883 ,22148 ,31355 ,30906 ,35058 ,35688 ,28797 ,13179 ,7132 ,1007 ,24 ,115727 ,115727 ,9237 ,11479 ,17852 ,16664 ,18184 ,18569 ,14779 ,6102 ,2613 ,244 ,4 ,107450 ,107450 ,8646 ,10669 ,13503 ,14242 ,16874 ,17119 ,14018 ,7077 ,4519 ,763 ,20 
경기도 안성시 (4155000000),189534 ,189534 ,13123 ,17717 ,23111 ,22791 ,30184 ,31990 ,27745 ,13840 ,7869 ,1132 ,32 ,97895 ,97895 ,6769 ,9199 ,12809 ,12521 ,16151 ,16965 ,14043 ,6385 ,2809 ,240 ,4 ,91639 ,91639 ,6354 ,8518 ,10302 ,10270 ,14033 ,15025 ,13702 ,7455 ,5060 ,892 ,28 
경기도 김포시 (4157000000),486508 ,486508 ,53677 ,49972 ,52405 ,75094 ,92370 ,69269 ,53848 ,26645 ,11467 ,1711 ,50 ,243415 ,243415 ,27354 ,25447 ,26969 ,36839 ,47904 ,35434 ,26188 ,12496 ,4367 ,404 ,13 ,243093 ,243093 ,26323 ,24525 ,25436 ,38255 ,44466 ,33835 ,27660 ,14149 ,7100 ,1307 ,37 
경기도 화성시 (4159000000),887015 ,887015 ,101318 ,101090 ,109069 ,151247 ,171781 ,122796 ,78498 ,33254 ,15632 ,2275 ,55 ,460788 ,460788 ,51673 ,51575 ,59249 ,79282 ,91142 ,65999 ,40130 ,15592 ,5667 ,469 ,10 ,426227 ,426227 ,49645 ,49515 ,49820 ,71965 ,80639 ,56797 ,38368 ,17662 ,9965 ,1806 ,45 
경기도 화성시동부출장소 (4159200000),0 ,0 ,0 ,0 ,0 ,0 ,0 ,0 ,0 ,0 ,0 ,0 ,0 ,0 ,0 ,0 ,0 ,0 ,0 ,0 ,0 ,0 ,0 ,0 ,0 ,0 ,0 ,0 ,0 ,0 ,0 ,0 ,0 ,0 ,0 ,0 ,0 ,0 ,0 
경기도 화성시동탄출장소 (4159400000),0 ,0 ,0 ,0 ,0 ,0 ,0 ,0 ,0 ,0 ,0 ,0 ,0 ,0 ,0 ,0 ,0 ,0 ,0 ,0 ,0 ,0 ,0 ,0 ,0 ,0 ,0 ,0 ,0 ,0 ,0 ,0 ,0 ,0 ,0 ,0 ,0 ,0 ,0 
경기도 광주시 (4161000000),387289 ,387289 ,33239 ,33989 ,44958 ,55722 ,68000 ,65287 ,52575 ,22867 ,9295 ,1311 ,46 ,197673 ,197673 ,17004 ,17349 ,23893 ,28954 ,35920 ,33402 ,26223 ,11051 ,3593 ,276 ,8 ,189616 ,189616 ,16235 ,16640 ,21065 ,26768 ,32080 ,31885 ,26352 ,11816 ,5702 ,1035 ,38 
경기도 양주시 (4163000000),236368 ,236368 ,19651 ,24277 ,27716 ,28102 ,39910 ,39530 ,31550 ,16551 ,7909 ,1136 ,36 ,119835 ,119835 ,10016 ,12341 ,14925 ,14517 ,20520 ,20712 ,15836 ,7737 ,2981 ,240 ,10 ,116533 ,116533 ,9635 ,11936 ,12791 ,13585 ,19390 ,18818 ,15714 ,8814 ,4928 ,896 ,26 
경기도 포천시 (4165000000),148939 ,148939 ,8110 ,11721 ,18190 ,14638 ,19751 ,29284 ,26957 ,12309 ,6920 ,1021 ,38 ,78915 ,78915 ,4165 ,6134 ,10530 ,8220 ,10619 ,16101 ,14617 ,5762 ,2501 ,255 ,11 ,70024 ,70024 ,3945 ,5587 ,7660 ,6418 ,9132 ,13183 ,12340 ,6547 ,4419 ,766 ,27 
경기도 여주시 (4167000000),112150 ,112150 ,6845 ,9405 ,11956 ,11129 ,15713 ,20087 ,20212 ,10163 ,5708 ,906 ,26 ,57022 ,57022 ,3529 ,4848 ,6537 ,5877 ,8133 ,10557 ,10277 ,4900 ,2147 ,212 ,5 ,55128 ,55128 ,3316 ,4557 ,5419 ,5252 ,7580 ,9530 ,9935 ,5263 ,3561 ,694 ,21 
경기도 연천군 (4180000000),42721 ,42721 ,2541 ,3048 ,5114 ,4099 ,4727 ,6946 ,8009 ,4823 ,2982 ,414 ,18 ,22399 ,22399 ,1290 ,1617 ,3272 ,2340 ,2576 ,3760 ,4152 ,2193 ,1087 ,106 ,6 ,20322 ,20322 ,1251 ,1431 ,1842 ,1759 ,2151 ,3186 ,3857 ,2630 ,1895 ,308 ,12 
경기도 가평군 (4182000000),62264 ,62264 ,3155 ,4458 ,6125 ,5504 ,7780 ,11107 ,13020 ,6714 ,3855 ,525 ,21 ,32129 ,32129 ,1576 ,2321 ,3565 ,3010 ,4191 ,5888 ,6730 ,3202 ,1498 ,142 ,6 ,30135 ,30135 ,1579 ,2137 ,2560 ,2494 ,3589 ,5219 ,6290 ,3512 ,2357 ,383 ,15 
경기도 양평군 (4183000000),121230 ,121230 ,7074 ,9720 ,10589 ,10701 ,16311 ,20936 ,24897 ,13200 ,6724 ,1042 ,36 ,60846 ,60846 ,3633 ,5085 ,5907 ,5431 ,8262 ,10754 ,12418 ,6506 ,2602 ,242 ,6 ,60384 ,60384 ,3441 ,4635 ,4682 ,5270 ,8049 ,10182 ,12479 ,6694 ,4122 ,800 ,30 
강원도  (4200000000),1538492 ,1538492 ,100971 ,133885 ,175424 ,162817 ,219422 ,264586 ,260158 ,132627 ,76586 ,11658 ,358 ,774332 ,774332 ,51606 ,69604 ,98744 ,85867 ,112385 ,136544 ,129786 ,59795 ,27366 ,2566 ,69 ,764160 ,764160 ,49365 ,64281 ,76680 ,76950 ,107037 ,128042 ,130372 ,72832 ,49220 ,9092 ,289 
동해출장소  (4210500000),0 ,0 ,0 ,0 ,0 ,0 ,0 ,0 ,0 ,0 ,0 ,0 ,0 ,0 ,0 ,0 ,0 ,0 ,0 ,0 ,0 ,0 ,0 ,0 ,0 ,0 ,0 ,0 ,0 ,0 ,0 ,0 ,0 ,0 ,0 ,0 ,0 ,0 ,0 
강원도 춘천시 (4211000000),284594 ,284594 ,20826 ,26476 ,37437 ,34379 ,41949 ,46820 ,41669 ,20395 ,12627 ,1953 ,63 ,140584 ,140584 ,10674 ,13788 ,20039 ,17625 ,20733 ,23571 ,20132 ,8956 ,4576 ,470 ,20 ,144010 ,144010 ,10152 ,12688 ,17398 ,16754 ,21216 ,23249 ,21537 ,11439 ,8051 ,1483 ,43 
강원도 원주시 (4213000000),357757 ,357757 ,27420 ,35362 ,44938 ,45429 ,56864 ,61255 ,50069 ,21409 ,12978 ,1978 ,55 ,177396 ,177396 ,13933 ,18275 ,23959 ,23135 ,27972 ,30685 ,24863 ,9570 ,4556 ,441 ,7 ,180361 ,180361 ,13487 ,17087 ,20979 ,22294 ,28892 ,30570 ,25206 ,11839 ,8422 ,1537 ,48 
강원도 강릉시 (4215000000),212965 ,212965 ,12837 ,18449 ,24560 ,21221 ,31762 ,36670 ,35766 ,19512 ,10438 ,1698 ,52 ,105667 ,105667 ,6617 ,9692 ,13449 ,11218 ,16190 ,18543 ,17084 ,8746 ,3785 ,333 ,10 ,107298 ,107298 ,6220 ,8757 ,11111 ,10003 ,15572 ,18127 ,18682 ,10766 ,6653 ,1365 ,42 
강원도 동해시 (4217000000),90081 ,90081 ,6272 ,8535 ,9361 ,8677 ,14228 ,15731 ,14679 ,7994 ,4008 ,584 ,12 ,45795 ,45795 ,3229 ,4449 ,5520 ,4680 ,7413 ,8191 ,7096 ,3624 ,1476 ,116 ,1 ,44286 ,44286 ,3043 ,4086 ,3841 ,3997 ,6815 ,7540 ,7583 ,4370 ,2532 ,468 ,11 
강원도 태백시 (4219000000),40844 ,40844 ,2301 ,3665 ,3452 ,3296 ,6095 ,6981 ,7804 ,4789 ,2204 ,255 ,2 ,20656 ,20656 ,1218 ,1889 ,1994 ,1750 ,3244 ,3776 ,3833 ,2103 ,796 ,53 ,0 ,20188 ,20188 ,1083 ,1776 ,1458 ,1546 ,2851 ,3205 ,3971 ,2686 ,1408 ,202 ,2 
강원도 속초시 (4221000000),82791 ,82791 ,5621 ,7220 ,8958 ,9112 ,12149 ,15068 ,13878 ,6770 ,3395 ,608 ,12 ,41080 ,41080 ,2850 ,3758 ,5067 ,4919 ,6073 ,7450 ,6729 ,2932 ,1196 ,105 ,1 ,41711 ,41711 ,2771 ,3462 ,3891 ,4193 ,6076 ,7618 ,7149 ,3838 ,2199 ,503 ,11 
강원도 삼척시 (4223000000),63429 ,63429 ,3524 ,5018 ,6721 ,5210 ,8497 ,10920 ,11843 ,6992 ,4074 ,614 ,16 ,32043 ,32043 ,1795 ,2572 ,3747 ,2812 ,4635 ,5951 ,5957 ,3113 ,1332 ,129 ,0 ,31386 ,31386 ,1729 ,2446 ,2974 ,2398 ,3862 ,4969 ,5886 ,3879 ,2742 ,485 ,16 
강원도 홍천군 (4272000000),68365 ,68365 ,3535 ,4962 ,6495 ,5720 ,7973 ,12122 ,15114 ,7104 ,4657 ,661 ,22 ,35184 ,35184 ,1811 ,2503 ,3938 ,3114 ,4261 ,6436 ,7881 ,3401 ,1676 ,161 ,2 ,33181 ,33181 ,1724 ,2459 ,2557 ,2606 ,3712 ,5686 ,7233 ,3703 ,2981 ,500 ,20 
강원도 횡성군 (4273000000),46481 ,46481 ,2108 ,3441 ,3622 ,3240 ,4926 ,8502 ,11158 ,5466 ,3454 ,538 ,26 ,23859 ,23859 ,1115 ,1797 ,2085 ,1709 ,2728 ,4514 ,5832 ,2676 ,1285 ,115 ,3 ,22622 ,22622 ,993 ,1644 ,1537 ,1531 ,2198 ,3988 ,5326 ,2790 ,2169 ,423 ,23 
강원도 영월군 (4275000000),37904 ,37904 ,1549 ,2748 ,3136 ,2620 ,4322 ,7097 ,8503 ,4688 ,2858 ,370 ,13 ,19626 ,19626 ,820 ,1489 ,1818 ,1429 ,2332 ,3950 ,4506 ,2148 ,1029 ,101 ,4 ,18278 ,18278 ,729 ,1259 ,1318 ,1191 ,1990 ,3147 ,3997 ,2540 ,1829 ,269 ,9 
강원도 평창군 (4276000000),40996 ,40996 ,1715 ,2724 ,3240 ,2824 ,5053 ,7802 ,9485 ,4877 ,2877 ,382 ,17 ,21091 ,21091 ,850 ,1445 ,1920 ,1532 ,2775 ,4192 ,4961 ,2301 ,1040 ,73 ,2 ,19905 ,19905 ,865 ,1279 ,1320 ,1292 ,2278 ,3610 ,4524 ,2576 ,1837 ,309 ,15 
강원도 정선군 (4277000000),35675 ,35675 ,1628 ,2412 ,2625 ,2755 ,4626 ,6682 ,7925 ,4373 ,2312 ,327 ,10 ,18565 ,18565 ,835 ,1240 ,1532 ,1528 ,2656 ,3744 ,4195 ,1977 ,790 ,65 ,3 ,17110 ,17110 ,793 ,1172 ,1093 ,1227 ,1970 ,2938 ,3730 ,2396 ,1522 ,262 ,7 
강원도 철원군 (4278000000),43340 ,43340 ,3155 ,3629 ,5242 ,4496 ,5483 ,6929 ,7159 ,4468 ,2401 ,365 ,13 ,22453 ,22453 ,1546 ,1896 ,3389 ,2496 ,2905 ,3695 ,3563 ,1999 ,871 ,91 ,2 ,20887 ,20887 ,1609 ,1733 ,1853 ,2000 ,2578 ,3234 ,3596 ,2469 ,1530 ,274 ,11 
강원도 화천군 (4279000000),24195 ,24195 ,1709 ,1721 ,3567 ,2763 ,2608 ,3758 ,4133 ,2207 ,1491 ,228 ,10 ,13138 ,13138 ,886 ,863 ,2469 ,1643 ,1410 ,2049 ,2239 ,996 ,523 ,56 ,4 ,11057 ,11057 ,823 ,858 ,1098 ,1120 ,1198 ,1709 ,1894 ,1211 ,968 ,172 ,6 
강원도 양구군 (4280000000),21748 ,21748 ,1649 ,1929 ,2856 ,2471 ,2428 ,3407 ,3649 ,1954 ,1218 ,180 ,7 ,11464 ,11464 ,823 ,969 ,1897 ,1373 ,1310 ,1818 ,1948 ,854 ,427 ,42 ,3 ,10284 ,10284 ,826 ,960 ,959 ,1098 ,1118 ,1589 ,1701 ,1100 ,791 ,138 ,4 
강원도 인제군 (4281000000),32165 ,32165 ,2499 ,2236 ,4209 ,3981 ,3938 ,5107 ,5730 ,2589 ,1610 ,259 ,7 ,17461 ,17461 ,1265 ,1185 ,2821 ,2312 ,2193 ,2732 ,3076 ,1235 ,571 ,67 ,4 ,14704 ,14704 ,1234 ,1051 ,1388 ,1669 ,1745 ,2375 ,2654 ,1354 ,1039 ,192 ,3 
강원도 고성군 (4282000000),27249 ,27249 ,1354 ,1588 ,2678 ,2379 ,3077 ,4797 ,5651 ,3408 ,1981 ,327 ,9 ,14019 ,14019 ,686 ,858 ,1710 ,1356 ,1687 ,2593 ,2890 ,1474 ,684 ,80 ,1 ,13230 ,13230 ,668 ,730 ,968 ,1023 ,1390 ,2204 ,2761 ,1934 ,1297 ,247 ,8 
강원도 양양군 (4283000000),27913 ,27913 ,1269 ,1770 ,2327 ,2244 ,3444 ,4938 ,5943 ,3632 ,2003 ,331 ,12 ,14251 ,14251 ,653 ,936 ,1390 ,1236 ,1868 ,2654 ,3001 ,1690 ,753 ,68 ,2 ,13662 ,13662 ,616 ,834 ,937 ,1008 ,1576 ,2284 ,2942 ,1942 ,1250 ,263 ,10 
충청북도  (4300000000),1597427 ,1597427 ,116975 ,146411 ,194415 ,190607 ,237327 ,270874 ,241697 ,120068 ,69193 ,9592 ,268 ,810672 ,810672 ,59729 ,76037 ,108354 ,101877 ,122922 ,139540 ,121418 ,54663 ,24012 ,2081 ,39 ,786755 ,786755 ,57246 ,70374 ,86061 ,88730 ,114405 ,131334 ,120279 ,65405 ,45181 ,7511 ,229 
충청북도 청주시 (4311000000),848482 ,848482 ,71136 ,84739 ,118755 ,117775 ,135963 ,137868 ,105609 ,47969 ,25055 ,3517 ,96 ,427881 ,427881 ,36275 ,43888 ,64833 ,62127 ,68928 ,69055 ,51795 ,21649 ,8613 ,707 ,11 ,420601 ,420601 ,34861 ,40851 ,53922 ,55648 ,67035 ,68813 ,53814 ,26320 ,16442 ,2810 ,85 
충청북도 청주시 상당구 (4311100000),193827 ,193827 ,15904 ,19650 ,24415 ,23399 ,30482 ,33421 ,26351 ,12455 ,6752 ,972 ,26 ,96267 ,96267 ,8074 ,10160 ,13178 ,11948 ,15118 ,16635 ,13030 ,5611 ,2301 ,210 ,2 ,97560 ,97560 ,7830 ,9490 ,11237 ,11451 ,15364 ,16786 ,13321 ,6844 ,4451 ,762 ,24 
충청북도 청주시 서원구 (4311200000),192899 ,192899 ,12811 ,19409 ,28114 ,22254 ,29693 ,33740 ,27020 ,12532 ,6424 ,882 ,20 ,95958 ,95958 ,6537 ,10102 ,15267 ,11664 ,14660 ,16620 ,13055 ,5595 ,2282 ,174 ,2 ,96941 ,96941 ,6274 ,9307 ,12847 ,10590 ,15033 ,17120 ,13965 ,6937 ,4142 ,708 ,18 
충청북도 청주시 흥덕구 (4311300000),267429 ,267429 ,23434 ,26297 ,40499 ,41340 ,43211 ,42996 ,30094 ,12507 ,6154 ,877 ,20 ,135780 ,135780 ,11939 ,13593 ,22007 ,21854 ,21951 ,21557 ,14876 ,5708 ,2128 ,164 ,3 ,131649 ,131649 ,11495 ,12704 ,18492 ,19486 ,21260 ,21439 ,15218 ,6799 ,4026 ,713 ,17 
충청북도 청주시 청원구 (4311400000),194327 ,194327 ,18987 ,19383 ,25727 ,30782 ,32577 ,27711 ,22144 ,10475 ,5725 ,786 ,30 ,99876 ,99876 ,9725 ,10033 ,14381 ,16661 ,17199 ,14243 ,10834 ,4735 ,1902 ,159 ,4 ,94451 ,94451 ,9262 ,9350 ,11346 ,14121 ,15378 ,13468 ,11310 ,5740 ,3823 ,627 ,26 
충청북도 충주시 (4313000000),209358 ,209358 ,13756 ,18472 ,23613 ,22837 ,30153 ,37001 ,34440 ,17156 ,10516 ,1384 ,30 ,105932 ,105932 ,6926 ,9592 ,13617 ,12438 ,15525 ,18944 ,17236 ,7687 ,3645 ,318 ,4 ,103426 ,103426 ,6830 ,8880 ,9996 ,10399 ,14628 ,18057 ,17204 ,9469 ,6871 ,1066 ,26 
충청북도 제천시 (4315000000),131591 ,131591 ,8188 ,11339 ,14271 ,12312 ,17667 ,23490 ,24399 ,12298 ,6751 ,838 ,38 ,66170 ,66170 ,4203 ,5873 ,8006 ,6516 ,9079 ,12031 ,12194 ,5611 ,2456 ,196 ,5 ,65421 ,65421 ,3985 ,5466 ,6265 ,5796 ,8588 ,11459 ,12205 ,6687 ,4295 ,642 ,33 
충청북도 보은군 (4372000000),31878 ,31878 ,1334 ,2017 ,2247 ,2016 ,3135 ,5605 ,7353 ,4423 ,3220 ,514 ,14 ,16074 ,16074 ,691 ,1063 ,1353 ,1089 ,1746 ,3119 ,3784 ,2031 ,1080 ,118 ,0 ,15804 ,15804 ,643 ,954 ,894 ,927 ,1389 ,2486 ,3569 ,2392 ,2140 ,396 ,14 
충청북도 옥천군 (4373000000),50093 ,50093 ,2397 ,3763 ,4111 ,3681 ,6025 ,8818 ,10447 ,6362 ,3865 ,611 ,13 ,25242 ,25242 ,1235 ,2003 ,2337 ,1899 ,3238 ,4747 ,5341 ,2980 ,1315 ,146 ,1 ,24851 ,24851 ,1162 ,1760 ,1774 ,1782 ,2787 ,4071 ,5106 ,3382 ,2550 ,465 ,12 
충청북도 영동군 (4374000000),45773 ,45773 ,2087 ,3195 ,3814 ,2963 ,4956 ,8088 ,9767 ,6365 ,3995 ,528 ,15 ,22810 ,22810 ,1068 ,1668 ,2139 ,1572 ,2671 ,4326 ,5045 ,2812 ,1394 ,113 ,2 ,22963 ,22963 ,1019 ,1527 ,1675 ,1391 ,2285 ,3762 ,4722 ,3553 ,2601 ,415 ,13 
충청북도 증평군 (4374500000),36426 ,36426 ,2947 ,3337 ,4412 ,4408 ,5442 ,6038 ,5394 ,2701 ,1551 ,193 ,3 ,18993 ,18993 ,1535 ,1743 ,2630 ,2455 ,2924 ,3186 ,2708 ,1234 ,533 ,45 ,0 ,17433 ,17433 ,1412 ,1594 ,1782 ,1953 ,2518 ,2852 ,2686 ,1467 ,1018 ,148 ,3 
충청북도 진천군 (4375000000),85176 ,85176 ,7389 ,8353 ,9223 ,11398 ,13827 ,13912 ,11395 ,5523 ,3654 ,488 ,14 ,44715 ,44715 ,3798 ,4339 ,5354 ,6303 ,7502 ,7635 ,5867 ,2559 ,1256 ,97 ,5 ,40461 ,40461 ,3591 ,4014 ,3869 ,5095 ,6325 ,6277 ,5528 ,2964 ,2398 ,391 ,9 
충청북도 괴산군 (4376000000),38122 ,38122 ,1248 ,1942 ,2757 ,2291 ,3756 ,7313 ,9494 ,5345 ,3477 ,484 ,15 ,19612 ,19612 ,627 ,994 ,1616 ,1305 ,2161 ,3982 ,5056 ,2532 ,1231 ,105 ,3 ,18510 ,18510 ,621 ,948 ,1141 ,986 ,1595 ,3331 ,4438 ,2813 ,2246 ,379 ,12 
충청북도 음성군 (4377000000),92197 ,92197 ,5407 ,7394 ,9161 ,9120 ,13343 ,17395 ,16580 ,8149 ,4885 ,744 ,19 ,48883 ,48883 ,2802 ,3875 ,5286 ,5197 ,7465 ,9662 ,8855 ,3877 ,1695 ,163 ,6 ,43314 ,43314 ,2605 ,3519 ,3875 ,3923 ,5878 ,7733 ,7725 ,4272 ,3190 ,581 ,13 
충청북도 단양군 (4380000000),28331 ,28331 ,1086 ,1860 ,2051 ,1806 ,3060 ,5346 ,6819 ,3777 ,2224 ,291 ,11 ,14360 ,14360 ,569 ,999 ,1183 ,976 ,1683 ,2853 ,3537 ,1691 ,794 ,73 ,2 ,13971 ,13971 ,517 ,861 ,868 ,830 ,1377 ,2493 ,3282 ,2086 ,1430 ,218 ,9 
충청남도  (4400000000),2119257 ,2119257 ,162726 ,200673 ,238297 ,259565 ,325419 ,340591 ,299801 ,172067 ,104173 ,15528 ,417 ,1083366 ,1083366 ,83319 ,104165 ,131774 ,139987 ,173385 ,180799 ,150583 ,79071 ,36574 ,3644 ,65 ,1035891 ,1035891 ,79407 ,96508 ,106523 ,119578 ,152034 ,159792 ,149218 ,92996 ,67599 ,11884 ,352 
충청남도 천안시 (4413000000),658486 ,658486 ,58699 ,67655 ,95113 ,102296 ,111649 ,104130 ,69859 ,30759 ,15914 ,2345 ,67 ,336612 ,336612 ,30054 ,35067 ,50082 ,54514 ,58026 ,53407 ,35361 ,14047 ,5523 ,520 ,11 ,321874 ,321874 ,28645 ,32588 ,45031 ,47782 ,53623 ,50723 ,34498 ,16712 ,10391 ,1825 ,56 
충청남도 천안시 동남구 (4413100000),255292 ,255292 ,18805 ,25588 ,34563 ,31663 ,41824 ,43402 ,33990 ,15811 ,8358 ,1254 ,34 ,129399 ,129399 ,9693 ,13320 ,18306 ,16755 ,21582 ,22041 ,17127 ,7323 ,2964 ,283 ,5 ,125893 ,125893 ,9112 ,12268 ,16257 ,14908 ,20242 ,21361 ,16863 ,8488 ,5394 ,971 ,29 
충청남도 천안시 서북구 (4413300000),403194 ,403194 ,39894 ,42067 ,60550 ,70633 ,69825 ,60728 ,35869 ,14948 ,7556 ,1091 ,33 ,207213 ,207213 ,20361 ,21747 ,31776 ,37759 ,36444 ,31366 ,18234 ,6724 ,2559 ,237 ,6 ,195981 ,195981 ,19533 ,20320 ,28774 ,32874 ,33381 ,29362 ,17635 ,8224 ,4997 ,854 ,27 
충청남도 공주시 (4415000000),103145 ,103145 ,5304 ,7911 ,10904 ,8926 ,12846 ,17853 ,19508 ,11433 ,7288 ,1140 ,32 ,51459 ,51459 ,2761 ,4072 ,5913 ,4816 ,6768 ,9198 ,9761 ,5291 ,2571 ,302 ,6 ,51686 ,51686 ,2543 ,3839 ,4991 ,4110 ,6078 ,8655 ,9747 ,6142 ,4717 ,838 ,26 
충청남도 보령시 (4418000000),98408 ,98408 ,5616 ,8043 ,9094 ,8848 ,13356 ,16641 ,17910 ,11320 ,6568 ,987 ,25 ,49933 ,49933 ,2852 ,4150 ,5348 ,4823 ,7290 ,8916 ,8844 ,5133 ,2348 ,225 ,4 ,48475 ,48475 ,2764 ,3893 ,3746 ,4025 ,6066 ,7725 ,9066 ,6187 ,4220 ,762 ,21 
충청남도 아산시 (4420000000),324580 ,324580 ,31531 ,35511 ,37503 ,48272 ,58246 ,48416 ,35069 ,18368 ,10192 ,1429 ,43 ,168881 ,168881 ,16200 ,18274 ,20910 ,25783 ,31589 ,26313 ,17629 ,8227 ,3632 ,316 ,8 ,155699 ,155699 ,15331 ,17237 ,16593 ,22489 ,26657 ,22103 ,17440 ,10141 ,6560 ,1113 ,35 
충청남도 서산시 (4421000000),176645 ,176645 ,14755 ,17111 ,18885 ,21597 ,27812 ,28792 ,23804 ,14009 ,8521 ,1321 ,38 ,92122 ,92122 ,7505 ,9080 ,11297 ,12055 ,14839 ,15480 ,11936 ,6640 ,3018 ,269 ,3 ,84523 ,84523 ,7250 ,8031 ,7588 ,9542 ,12973 ,13312 ,11868 ,7369 ,5503 ,1052 ,35 
충청남도 논산시 (4423000000),114483 ,114483 ,6729 ,9433 ,10792 ,10191 ,14649 ,19240 ,20943 ,12833 ,8384 ,1260 ,29 ,57147 ,57147 ,3424 ,4871 ,6016 ,5418 ,7743 ,10190 ,10547 ,5810 ,2809 ,312 ,7 ,57336 ,57336 ,3305 ,4562 ,4776 ,4773 ,6906 ,9050 ,10396 ,7023 ,5575 ,948 ,22 
충청남도 계룡시 (4425000000),43331 ,43331 ,3747 ,6229 ,4871 ,4650 ,8215 ,7224 ,4915 ,2139 ,1145 ,193 ,3 ,21563 ,21563 ,1875 ,3276 ,2697 ,2336 ,3986 ,3626 ,2353 ,1001 ,374 ,38 ,1 ,21768 ,21768 ,1872 ,2953 ,2174 ,2314 ,4229 ,3598 ,2562 ,1138 ,771 ,155 ,2 
충청남도 당진시 (4427000000),167092 ,167092 ,14564 ,15832 ,15765 ,21689 ,27006 ,26634 ,22688 ,13380 ,8285 ,1214 ,35 ,88952 ,88952 ,7407 ,8302 ,9252 ,12455 ,15165 ,15068 ,11715 ,6322 ,2959 ,305 ,2 ,78140 ,78140 ,7157 ,7530 ,6513 ,9234 ,11841 ,11566 ,10973 ,7058 ,5326 ,909 ,33 
충청남도 금산군 (4471000000),50477 ,50477 ,2316 ,4102 ,3709 ,3362 ,5946 ,8856 ,10415 ,6779 ,4391 ,591 ,10 ,25466 ,25466 ,1173 ,2125 ,2152 ,1769 ,3262 ,4913 ,5342 ,3143 ,1451 ,134 ,2 ,25011 ,25011 ,1143 ,1977 ,1557 ,1593 ,2684 ,3943 ,5073 ,3636 ,2940 ,457 ,8 
충청남도 부여군 (4476000000),63774 ,63774 ,2659 ,4438 ,5047 ,4103 ,6749 ,10268 ,13599 ,9287 ,6534 ,1057 ,33 ,31634 ,31634 ,1415 ,2348 ,2899 ,2223 ,3677 ,5422 ,6843 ,4227 ,2314 ,263 ,3 ,32140 ,32140 ,1244 ,2090 ,2148 ,1880 ,3072 ,4846 ,6756 ,5060 ,4220 ,794 ,30 
충청남도 서천군 (4477000000),50745 ,50745 ,2121 ,3322 ,3612 ,3196 ,5409 ,8196 ,10545 ,8008 ,5396 ,919 ,21 ,25081 ,25081 ,1078 ,1698 ,2117 ,1781 ,2923 ,4497 ,5196 ,3642 ,1921 ,227 ,1 ,25664 ,25664 ,1043 ,1624 ,1495 ,1415 ,2486 ,3699 ,5349 ,4366 ,3475 ,692 ,20 
충청남도 청양군 (4479000000),30440 ,30440 ,1175 ,1936 ,2513 ,1936 ,2950 ,5057 ,6548 ,4435 ,3387 ,494 ,9 ,15472 ,15472 ,604 ,1017 ,1486 ,1090 ,1711 ,2797 ,3367 ,2059 ,1204 ,134 ,3 ,14968 ,14968 ,571 ,919 ,1027 ,846 ,1239 ,2260 ,3181 ,2376 ,2183 ,360 ,6 
충청남도 홍성군 (4480000000),99324 ,99324 ,7358 ,9458 ,9298 ,10078 ,14183 ,15726 ,15545 ,10123 ,6569 ,962 ,24 ,49437 ,49437 ,3824 ,4873 ,5119 ,5190 ,7356 ,8299 ,7655 ,4587 ,2290 ,240 ,4 ,49887 ,49887 ,3534 ,4585 ,4179 ,4888 ,6827 ,7427 ,7890 ,5536 ,4279 ,722 ,20 
충청남도 예산군 (4481000000),76801 ,76801 ,3324 ,5436 ,6464 ,5766 ,9022 ,13015 ,15628 ,10332 ,6862 ,919 ,33 ,38574 ,38574 ,1725 ,2813 ,3697 ,3174 ,4909 ,7035 ,7805 ,4707 ,2489 ,215 ,5 ,38227 ,38227 ,1599 ,2623 ,2767 ,2592 ,4113 ,5980 ,7823 ,5625 ,4373 ,704 ,28 
충청남도 태안군 (4482500000),61526 ,61526 ,2828 ,4256 ,4727 ,4655 ,7381 ,10543 ,12825 ,8862 ,4737 ,697 ,15 ,31033 ,31033 ,1422 ,2199 ,2789 ,2560 ,4141 ,5638 ,6229 ,4235 ,1671 ,144 ,5 ,30493 ,30493 ,1406 ,2057 ,1938 ,2095 ,3240 ,4905 ,6596 ,4627 ,3066 ,553 ,10 
전라북도  (4500000000),1786855 ,1786855 ,119673 ,170128 ,206579 ,182181 ,259675 ,298654 ,268393 ,170337 ,95991 ,14839 ,405 ,888994 ,888994 ,61472 ,88061 ,111771 ,94160 ,133465 ,155109 ,132849 ,76144 ,32655 ,3254 ,54 ,897861 ,897861 ,58201 ,82067 ,94808 ,88021 ,126210 ,143545 ,135544 ,94193 ,63336 ,11585 ,351 
전라북도 전주시 (4511000000),657269 ,657269 ,51443 ,70071 ,92498 ,80960 ,104928 ,107276 ,81129 ,44980 ,20859 ,3054 ,71 ,323427 ,323427 ,26377 ,36190 ,48638 ,40969 ,51382 ,52882 ,38507 ,20101 ,7665 ,708 ,8 ,333842 ,333842 ,25066 ,33881 ,43860 ,39991 ,53546 ,54394 ,42622 ,24879 ,13194 ,2346 ,63 
전라북도 전주시 완산구 (4511100000),335804 ,335804 ,23057 ,34610 ,48640 ,39088 ,51369 ,57172 ,44491 ,24351 ,11256 ,1728 ,42 ,163494 ,163494 ,11884 ,18004 ,25258 ,19786 ,24636 ,27689 ,20880 ,10886 ,4075 ,392 ,4 ,172310 ,172310 ,11173 ,16606 ,23382 ,19302 ,26733 ,29483 ,23611 ,13465 ,7181 ,1336 ,38 
전라북도 전주시 덕진구 (4511300000),321465 ,321465 ,28386 ,35461 ,43858 ,41872 ,53559 ,50104 ,36638 ,20629 ,9603 ,1326 ,29 ,159933 ,159933 ,14493 ,18186 ,23380 ,21183 ,26746 ,25193 ,17627 ,9215 ,3590 ,316 ,4 ,161532 ,161532 ,13893 ,17275 ,20478 ,20689 ,26813 ,24911 ,19011 ,11414 ,6013 ,1010 ,25 
전라북도 전주시효자출장소 (4511800000),0 ,0 ,0 ,0 ,0 ,0 ,0 ,0 ,0 ,0 ,0 ,0 ,0 ,0 ,0 ,0 ,0 ,0 ,0 ,0 ,0 ,0 ,0 ,0 ,0 ,0 ,0 ,0 ,0 ,0 ,0 ,0 ,0 ,0 ,0 ,0 ,0 ,0 ,0 
전라북도 군산시 (4513000000),265304 ,265304 ,19483 ,26150 ,29021 ,29074 ,42523 ,44185 ,39086 ,23380 ,10670 ,1691 ,41 ,134290 ,134290 ,9929 ,13530 ,15978 ,15240 ,22292 ,23241 ,19321 ,10677 ,3725 ,352 ,5 ,131014 ,131014 ,9554 ,12620 ,13043 ,13834 ,20231 ,20944 ,19765 ,12703 ,6945 ,1339 ,36 
전라북도 익산시 (4514000000),278113 ,278113 ,17514 ,27014 ,34997 ,27390 ,40310 ,48537 ,42355 ,24794 ,13030 ,2131 ,41 ,138427 ,138427 ,9007 ,13819 ,18990 ,14345 ,20580 ,24736 ,20932 ,11209 ,4350 ,454 ,5 ,139686 ,139686 ,8507 ,13195 ,16007 ,13045 ,19730 ,23801 ,21423 ,13585 ,8680 ,1677 ,36 
전라북도 익산시함열출장소 (4514500000),0 ,0 ,0 ,0 ,0 ,0 ,0 ,0 ,0 ,0 ,0 ,0 ,0 ,0 ,0 ,0 ,0 ,0 ,0 ,0 ,0 ,0 ,0 ,0 ,0 ,0 ,0 ,0 ,0 ,0 ,0 ,0 ,0 ,0 ,0 ,0 ,0 ,0 ,0 
전라북도 정읍시 (4518000000),106487 ,106487 ,5840 ,9257 ,10199 ,8394 ,14043 ,18118 ,17772 ,13055 ,8507 ,1255 ,47 ,52892 ,52892 ,3004 ,4888 ,5670 ,4497 ,7360 ,9747 ,8902 ,5724 ,2837 ,256 ,7 ,53595 ,53595 ,2836 ,4369 ,4529 ,3897 ,6683 ,8371 ,8870 ,7331 ,5670 ,999 ,40 
전라북도 남원시 (4519000000),79431 ,79431 ,4595 ,7093 ,7320 ,6020 ,10118 ,13595 ,13508 ,9676 ,6425 ,1052 ,29 ,38965 ,38965 ,2438 ,3669 ,4073 ,3094 ,5134 ,7274 ,6775 ,4137 ,2119 ,248 ,4 ,40466 ,40466 ,2157 ,3424 ,3247 ,2926 ,4984 ,6321 ,6733 ,5539 ,4306 ,804 ,25 
전라북도 김제시 (4521000000),80913 ,80913 ,3874 ,6040 ,6942 ,6196 ,9549 ,13237 ,15081 ,11203 ,7495 ,1257 ,39 ,40193 ,40193 ,2014 ,3069 ,3875 ,3304 ,5332 ,7311 ,7649 ,4962 ,2376 ,294 ,7 ,40720 ,40720 ,1860 ,2971 ,3067 ,2892 ,4217 ,5926 ,7432 ,6241 ,5119 ,963 ,32 
전라북도 완주군 (4571000000),91142 ,91142 ,6324 ,8177 ,8745 ,8842 ,13207 ,15316 ,14830 ,9295 ,5506 ,878 ,22 ,46845 ,46845 ,3148 ,4296 ,4904 ,4582 ,7212 ,8516 ,7750 ,4369 ,1867 ,195 ,6 ,44297 ,44297 ,3176 ,3881 ,3841 ,4260 ,5995 ,6800 ,7080 ,4926 ,3639 ,683 ,16 
전라북도 진안군 (4572000000),24987 ,24987 ,1147 ,1619 ,1810 ,1507 ,2536 ,4420 ,5215 ,3729 ,2610 ,386 ,8 ,12667 ,12667 ,562 ,867 ,1032 ,743 ,1475 ,2489 ,2799 ,1737 ,884 ,79 ,0 ,12320 ,12320 ,585 ,752 ,778 ,764 ,1061 ,1931 ,2416 ,1992 ,1726 ,307 ,8 
전라북도 무주군 (4573000000),23748 ,23748 ,1066 ,1772 ,1697 ,1622 ,2720 ,4122 ,4664 ,3253 ,2468 ,343 ,21 ,11826 ,11826 ,571 ,893 ,936 ,907 ,1492 ,2282 ,2427 ,1370 ,870 ,75 ,3 ,11922 ,11922 ,495 ,879 ,761 ,715 ,1228 ,1840 ,2237 ,1883 ,1598 ,268 ,18 
전라북도 장수군 (4574000000),21695 ,21695 ,1025 ,1627 ,1548 ,1400 ,2405 ,3635 ,4394 ,3075 ,2258 ,316 ,12 ,10812 ,10812 ,534 ,821 ,880 ,717 ,1356 ,2057 ,2251 ,1385 ,730 ,80 ,1 ,10883 ,10883 ,491 ,806 ,668 ,683 ,1049 ,1578 ,2143 ,1690 ,1528 ,236 ,11 
전라북도 임실군 (4575000000),26730 ,26730 ,1285 ,1574 ,1887 ,1814 ,2664 ,4497 ,5243 ,4200 ,3077 ,475 ,14 ,13692 ,13692 ,665 ,844 ,1112 ,1002 ,1604 ,2566 ,2866 ,1887 ,1032 ,111 ,3 ,13038 ,13038 ,620 ,730 ,775 ,812 ,1060 ,1931 ,2377 ,2313 ,2045 ,364 ,11 
전라북도 순창군 (4577000000),26855 ,26855 ,1272 ,2151 ,1906 ,1752 ,3096 ,4387 ,5058 ,3938 ,2855 ,424 ,16 ,13189 ,13189 ,679 ,1102 ,1092 ,870 ,1737 ,2400 ,2618 ,1646 ,934 ,110 ,1 ,13666 ,13666 ,593 ,1049 ,814 ,882 ,1359 ,1987 ,2440 ,2292 ,1921 ,314 ,15 
전라북도 고창군 (4579000000),53386 ,53386 ,2454 ,4066 ,4021 ,3574 ,5833 ,8775 ,10130 ,8094 ,5509 ,905 ,25 ,26507 ,26507 ,1295 ,2242 ,2322 ,1929 ,3297 ,4856 ,5081 ,3573 ,1749 ,161 ,2 ,26879 ,26879 ,1159 ,1824 ,1699 ,1645 ,2536 ,3919 ,5049 ,4521 ,3760 ,744 ,23 
전라북도 부안군 (4580000000),50795 ,50795 ,2351 ,3517 ,3988 ,3636 ,5743 ,8554 ,9928 ,7665 ,4722 ,672 ,19 ,25262 ,25262 ,1249 ,1831 ,2269 ,1961 ,3212 ,4752 ,4971 ,3367 ,1517 ,131 ,2 ,25533 ,25533 ,1102 ,1686 ,1719 ,1675 ,2531 ,3802 ,4957 ,4298 ,3205 ,541 ,17 
전라남도  (4600000000),1832803 ,1832803 ,123712 ,163148 ,193735 ,178428 ,252254 ,312463 ,284871 ,191022 ,115490 ,17216 ,464 ,922221 ,922221 ,63098 ,84416 ,108408 ,93924 ,134387 ,168369 ,144081 ,85149 ,36917 ,3422 ,50 ,910582 ,910582 ,60614 ,78732 ,85327 ,84504 ,117867 ,144094 ,140790 ,105873 ,78573 ,13794 ,414 
전라남도 목포시 (4611000000),218589 ,218589 ,16347 ,23802 ,26198 ,23618 ,36047 ,35988 ,29966 ,17972 ,7648 ,979 ,24 ,108808 ,108808 ,8434 ,12170 ,14176 ,12174 ,18572 ,18260 ,14220 ,7962 ,2633 ,204 ,3 ,109781 ,109781 ,7913 ,11632 ,12022 ,11444 ,17475 ,17728 ,15746 ,10010 ,5015 ,775 ,21 
전라남도 여수시 (4613000000),276762 ,276762 ,19546 ,25624 ,32673 ,29664 ,40592 ,48140 ,42319 ,25130 ,11312 ,1724 ,38 ,141074 ,141074 ,9905 ,13234 ,18576 ,15948 ,21406 ,25326 ,20833 ,11663 ,3872 ,307 ,4 ,135688 ,135688 ,9641 ,12390 ,14097 ,13716 ,19186 ,22814 ,21486 ,13467 ,7440 ,1417 ,34 
전라남도 순천시 (4615000000),281436 ,281436 ,22538 ,29444 ,36739 ,32763 ,42487 ,49217 ,36527 ,19284 ,10716 ,1670 ,51 ,140466 ,140466 ,11554 ,15290 ,19978 ,16902 ,20940 ,24842 ,18292 ,8779 ,3550 ,337 ,2 ,140970 ,140970 ,10984 ,14154 ,16761 ,15861 ,21547 ,24375 ,18235 ,10505 ,7166 ,1333 ,49 
전라남도 나주시 (4617000000),116726 ,116726 ,9845 ,9643 ,12211 ,14425 ,16746 ,17408 ,17014 ,11344 ,6980 ,1080 ,30 ,58906 ,58906 ,5080 ,4958 ,6440 ,7549 ,9220 ,9576 ,8655 ,5032 ,2162 ,229 ,5 ,57820 ,57820 ,4765 ,4685 ,5771 ,6876 ,7526 ,7832 ,8359 ,6312 ,4818 ,851 ,25 
전라남도 광양시 (4623000000),150531 ,150531 ,12656 ,15648 ,19258 ,18061 ,23102 ,29443 ,18319 ,8388 ,4789 ,849 ,18 ,78626 ,78626 ,6437 ,8125 ,11207 ,9717 ,11993 ,15977 ,9646 ,3852 ,1532 ,140 ,0 ,71905 ,71905 ,6219 ,7523 ,8051 ,8344 ,11109 ,13466 ,8673 ,4536 ,3257 ,709 ,18 
전라남도 담양군 (4671000000),46180 ,46180 ,2177 ,2985 ,4543 ,3534 ,5118 ,8192 ,8766 ,6148 ,4077 ,613 ,27 ,23428 ,23428 ,1062 ,1543 ,2688 ,1822 ,2912 ,4548 ,4590 ,2777 ,1339 ,145 ,2 ,22752 ,22752 ,1115 ,1442 ,1855 ,1712 ,2206 ,3644 ,4176 ,3371 ,2738 ,468 ,25 
전라남도 곡성군 (4672000000),27535 ,27535 ,964 ,1859 ,2173 ,1619 ,2886 ,4753 ,5295 ,4105 ,3288 ,579 ,14 ,13540 ,13540 ,503 ,996 ,1200 ,857 ,1603 ,2653 ,2796 ,1793 ,1031 ,105 ,3 ,13995 ,13995 ,461 ,863 ,973 ,762 ,1283 ,2100 ,2499 ,2312 ,2257 ,474 ,11 
전라남도 구례군 (4673000000),25235 ,25235 ,1024 ,1774 ,1882 ,1506 ,2707 ,4555 ,4910 ,3781 ,2685 ,398 ,13 ,12285 ,12285 ,493 ,928 ,1066 ,771 ,1456 ,2528 ,2473 ,1615 ,871 ,82 ,2 ,12950 ,12950 ,531 ,846 ,816 ,735 ,1251 ,2027 ,2437 ,2166 ,1814 ,316 ,11 
전라남도 고흥군 (4677000000),62762 ,62762 ,2413 ,3671 ,3855 ,3407 ,5974 ,9920 ,13008 ,11309 ,7851 ,1313 ,41 ,30569 ,30569 ,1205 ,1982 ,2262 ,1843 ,3442 ,5635 ,6487 ,4966 ,2464 ,279 ,4 ,32193 ,32193 ,1208 ,1689 ,1593 ,1564 ,2532 ,4285 ,6521 ,6343 ,5387 ,1034 ,37 
전라남도 보성군 (4678000000),39375 ,39375 ,1517 ,2481 ,2741 ,2303 ,3894 ,6510 ,7771 ,6434 ,4917 ,787 ,20 ,19221 ,19221 ,793 ,1267 ,1589 ,1226 ,2203 ,3659 ,3976 ,2786 ,1553 ,165 ,4 ,20154 ,20154 ,724 ,1214 ,1152 ,1077 ,1691 ,2851 ,3795 ,3648 ,3364 ,622 ,16 
전라남도 화순군 (4679000000),62624 ,62624 ,3251 ,5500 ,6714 ,4656 ,7888 ,11426 ,10201 ,7236 ,5010 ,721 ,21 ,30910 ,30910 ,1647 ,2865 ,3625 ,2398 ,4017 ,6212 ,5387 ,3069 ,1522 ,166 ,2 ,31714 ,31714 ,1604 ,2635 ,3089 ,2258 ,3871 ,5214 ,4814 ,4167 ,3488 ,555 ,19 
전라남도 장흥군 (4680000000),36547 ,36547 ,1834 ,2605 ,2869 ,2513 ,3825 ,6135 ,6736 ,5341 ,3998 ,677 ,14 ,17785 ,17785 ,912 ,1381 ,1624 ,1338 ,2104 ,3388 ,3349 ,2312 ,1243 ,131 ,3 ,18762 ,18762 ,922 ,1224 ,1245 ,1175 ,1721 ,2747 ,3387 ,3029 ,2755 ,546 ,11 
전라남도 강진군 (4681000000),33753 ,33753 ,1531 ,2404 ,2705 ,2237 ,3546 ,5512 ,6461 ,5056 ,3692 ,599 ,10 ,16359 ,16359 ,756 ,1237 ,1533 ,1152 ,1948 ,3015 ,3268 ,2199 ,1136 ,110 ,5 ,17394 ,17394 ,775 ,1167 ,1172 ,1085 ,1598 ,2497 ,3193 ,2857 ,2556 ,489 ,5 
전라남도 해남군 (4682000000),67166 ,67166 ,3598 ,4971 ,5379 ,4585 ,7606 ,11350 ,12704 ,9829 ,6232 ,888 ,24 ,33273 ,33273 ,1821 ,2551 ,3057 ,2447 ,4219 ,6349 ,6391 ,4324 ,1957 ,157 ,0 ,33893 ,33893 ,1777 ,2420 ,2322 ,2138 ,3387 ,5001 ,6313 ,5505 ,4275 ,731 ,24 
전라남도 영암군 (4683000000),52937 ,52937 ,3175 ,4280 ,4898 ,4426 ,7185 ,9465 ,8581 ,6139 ,4191 ,586 ,11 ,27485 ,27485 ,1622 ,2258 ,2885 ,2394 ,4304 ,5438 ,4502 ,2655 ,1311 ,115 ,1 ,25452 ,25452 ,1553 ,2022 ,2013 ,2032 ,2881 ,4027 ,4079 ,3484 ,2880 ,471 ,10 
전라남도 무안군 (4684000000),91107 ,91107 ,8171 ,9699 ,9488 ,11153 ,14514 ,13513 ,11561 ,7899 ,4481 ,610 ,18 ,45753 ,45753 ,4221 ,4914 ,5091 ,5626 ,7590 ,7408 ,5824 ,3609 ,1369 ,100 ,1 ,45354 ,45354 ,3950 ,4785 ,4397 ,5527 ,6924 ,6105 ,5737 ,4290 ,3112 ,510 ,17 
전라남도 함평군 (4686000000),31274 ,31274 ,1210 ,1994 ,2334 ,1838 ,3264 ,5354 ,6197 ,4907 ,3628 ,533 ,15 ,15730 ,15730 ,626 ,1077 ,1366 ,987 ,1934 ,3133 ,3285 ,2089 ,1113 ,120 ,0 ,15544 ,15544 ,584 ,917 ,968 ,851 ,1330 ,2221 ,2912 ,2818 ,2515 ,413 ,15 
전라남도 영광군 (4687000000),51985 ,51985 ,3631 ,4000 ,4661 ,4592 ,6218 ,8415 ,8671 ,6956 ,4279 ,537 ,25 ,25959 ,25959 ,1825 ,2084 ,2647 ,2359 ,3459 ,4682 ,4435 ,3024 ,1328 ,116 ,0 ,26026 ,26026 ,1806 ,1916 ,2014 ,2233 ,2759 ,3733 ,4236 ,3932 ,2951 ,421 ,25 
전라남도 장성군 (4688000000),43365 ,43365 ,2438 ,3164 ,3897 ,3369 ,5239 ,7435 ,7642 ,5717 ,3922 ,528 ,14 ,22206 ,22206 ,1222 ,1654 ,2329 ,1810 ,2920 ,4256 ,4082 ,2536 ,1279 ,116 ,2 ,21159 ,21159 ,1216 ,1510 ,1568 ,1559 ,2319 ,3179 ,3560 ,3181 ,2643 ,412 ,12 
전라남도 완도군 (4689000000),48631 ,48631 ,2887 ,3490 ,3562 ,3611 ,5916 ,7871 ,8737 ,7319 ,4589 ,633 ,16 ,24475 ,24475 ,1497 ,1815 ,2096 ,1947 ,3451 ,4432 ,4365 ,3276 ,1470 ,124 ,2 ,24156 ,24156 ,1390 ,1675 ,1466 ,1664 ,2465 ,3439 ,4372 ,4043 ,3119 ,509 ,14 
전라남도 진도군 (4690000000),30066 ,30066 ,1547 ,2153 ,2417 ,2079 ,3398 ,4958 ,5515 ,4519 ,3074 ,397 ,9 ,14908 ,14908 ,758 ,1087 ,1419 ,1108 ,1975 ,2802 ,2815 ,1954 ,918 ,72 ,0 ,15158 ,15158 ,789 ,1066 ,998 ,971 ,1423 ,2156 ,2700 ,2565 ,2156 ,325 ,9 
전라남도 신안군 (4691000000),38217 ,38217 ,1412 ,1957 ,2538 ,2469 ,4102 ,6903 ,7970 ,6209 ,4131 ,515 ,11 ,20455 ,20455 ,725 ,1000 ,1554 ,1549 ,2719 ,4250 ,4410 ,2877 ,1264 ,102 ,5 ,17762 ,17762 ,687 ,957 ,984 ,920 ,1383 ,2653 ,3560 ,3332 ,2867 ,413 ,6 
경상북도  (4700000000),2626609 ,2626609 ,178515 ,221964 ,276021 ,279475 ,377180 ,454427 ,433047 ,244151 ,140963 ,20313 ,553 ,1323661 ,1323661 ,91921 ,116463 ,156417 ,149655 ,196384 ,235784 ,215957 ,110147 ,46691 ,4181 ,61 ,1302948 ,1302948 ,86594 ,105501 ,119604 ,129820 ,180796 ,218643 ,217090 ,134004 ,94272 ,16132 ,492 
경상북도 포항시 (4711000000),503852 ,503852 ,37303 ,46200 ,56622 ,57588 ,76741 ,89130 ,82934 ,38543 ,16407 ,2324 ,60 ,255292 ,255292 ,19334 ,24225 ,32678 ,30755 ,38751 ,44834 ,40569 ,18193 ,5526 ,421 ,6 ,248560 ,248560 ,17969 ,21975 ,23944 ,26833 ,37990 ,44296 ,42365 ,20350 ,10881 ,1903 ,54 
경상북도 포항시 남구 (4711100000),230801 ,230801 ,16367 ,20936 ,26608 ,25839 ,35548 ,40919 ,38397 ,17988 ,7196 ,976 ,27 ,119438 ,119438 ,8458 ,10994 ,15900 ,14115 ,18486 ,21331 ,18951 ,8608 ,2431 ,163 ,1 ,111363 ,111363 ,7909 ,9942 ,10708 ,11724 ,17062 ,19588 ,19446 ,9380 ,4765 ,813 ,26 
경상북도 포항시 북구 (4711300000),273051 ,273051 ,20936 ,25264 ,30014 ,31749 ,41193 ,48211 ,44537 ,20555 ,9211 ,1348 ,33 ,135854 ,135854 ,10876 ,13231 ,16778 ,16640 ,20265 ,23503 ,21618 ,9585 ,3095 ,258 ,5 ,137197 ,137197 ,10060 ,12033 ,13236 ,15109 ,20928 ,24708 ,22919 ,10970 ,6116 ,1090 ,28 
경상북도 경주시 (4713000000),251889 ,251889 ,15375 ,20189 ,25692 ,24522 ,35744 ,46590 ,43321 ,25011 ,13521 ,1875 ,49 ,126024 ,126024 ,7861 ,10505 ,14500 ,13120 ,18599 ,24106 ,21458 ,11190 ,4317 ,364 ,4 ,125865 ,125865 ,7514 ,9684 ,11192 ,11402 ,17145 ,22484 ,21863 ,13821 ,9204 ,1511 ,45 
경상북도 김천시 (4715000000),140239 ,140239 ,9980 ,12209 ,14146 ,14498 ,19216 ,23564 ,23391 ,13488 ,8449 ,1265 ,33 ,70305 ,70305 ,5145 ,6630 ,7900 ,7608 ,10107 ,12303 ,11576 ,5969 ,2782 ,283 ,2 ,69934 ,69934 ,4835 ,5579 ,6246 ,6890 ,9109 ,11261 ,11815 ,7519 ,5667 ,982 ,31 
경상북도 안동시 (4717000000),156972 ,156972 ,9970 ,13343 ,16268 ,14980 ,21625 ,25727 ,26818 ,16671 ,10016 ,1513 ,41 ,77590 ,77590 ,5192 ,6983 ,8833 ,7860 ,11129 ,13264 ,13040 ,7496 ,3470 ,313 ,10 ,79382 ,79382 ,4778 ,6360 ,7435 ,7120 ,10496 ,12463 ,13778 ,9175 ,6546 ,1200 ,31 
경상북도 구미시 (4719000000),412581 ,412581 ,38692 ,44170 ,54463 ,62965 ,72728 ,70065 ,43315 ,16494 ,8411 ,1248 ,30 ,212021 ,212021 ,19886 ,22962 ,30590 ,33673 ,36717 ,35701 ,22246 ,7360 ,2647 ,237 ,2 ,200560 ,200560 ,18806 ,21208 ,23873 ,29292 ,36011 ,34364 ,21069 ,9134 ,5764 ,1011 ,28 
경상북도 영주시 (4721000000),101942 ,101942 ,5742 ,8608 ,9477 ,8121 ,13410 ,17337 ,19200 ,11785 ,7112 ,1101 ,49 ,50591 ,50591 ,2996 ,4493 ,5514 ,4369 ,6889 ,8966 ,9254 ,5331 ,2528 ,244 ,7 ,51351 ,51351 ,2746 ,4115 ,3963 ,3752 ,6521 ,8371 ,9946 ,6454 ,4584 ,857 ,42 
경상북도 영천시 (4723000000),101888 ,101888 ,5527 ,6547 ,9646 ,9149 ,12245 ,18106 ,19721 ,12741 ,7291 ,894 ,21 ,51737 ,51737 ,2811 ,3490 ,5668 ,4955 ,6730 ,9695 ,9974 ,5805 ,2396 ,208 ,5 ,50151 ,50151 ,2716 ,3057 ,3978 ,4194 ,5515 ,8411 ,9747 ,6936 ,4895 ,686 ,16 
경상북도 상주시 (4725000000),95566 ,95566 ,4902 ,7295 ,7641 ,7029 ,10949 ,16169 ,19155 ,12388 ,8621 ,1381 ,36 ,46869 ,46869 ,2552 ,3847 ,4411 ,3771 ,5794 ,8591 ,9472 ,5449 ,2720 ,260 ,2 ,48697 ,48697 ,2350 ,3448 ,3230 ,3258 ,5155 ,7578 ,9683 ,6939 ,5901 ,1121 ,34 
경상북도 문경시 (4728000000),71154 ,71154 ,3827 ,5427 ,6140 ,5416 ,8563 ,11824 ,14084 ,9183 ,5792 ,867 ,31 ,34919 ,34919 ,1954 ,2945 ,3456 ,2856 ,4574 ,6153 ,6883 ,4033 ,1887 ,173 ,5 ,36235 ,36235 ,1873 ,2482 ,2684 ,2560 ,3989 ,5671 ,7201 ,5150 ,3905 ,694 ,26 
경상북도 경산시 (4729000000),268369 ,268369 ,19729 ,22857 ,36271 ,32967 ,41676 ,45856 ,37558 ,20275 ,9888 ,1262 ,30 ,134940 ,134940 ,10037 ,11884 ,19729 ,17767 ,21368 ,22986 ,18414 ,9043 ,3425 ,282 ,5 ,133429 ,133429 ,9692 ,10973 ,16542 ,15200 ,20308 ,22870 ,19144 ,11232 ,6463 ,980 ,25 
경상북도 군위군 (4772000000),22945 ,22945 ,605 ,919 ,1379 ,1206 ,2006 ,4154 ,5607 ,3993 ,2710 ,351 ,15 ,11761 ,11761 ,330 ,499 ,827 ,709 ,1168 ,2373 ,2986 ,1865 ,930 ,73 ,1 ,11184 ,11184 ,275 ,420 ,552 ,497 ,838 ,1781 ,2621 ,2128 ,1780 ,278 ,14 
경상북도 의성군 (4773000000),50632 ,50632 ,1801 ,2186 ,2833 ,2951 ,4458 ,8174 ,12182 ,8851 ,6304 ,876 ,16 ,24796 ,24796 ,951 ,1152 ,1636 ,1636 ,2594 ,4463 ,6175 ,3904 ,2094 ,190 ,1 ,25836 ,25836 ,850 ,1034 ,1197 ,1315 ,1864 ,3711 ,6007 ,4947 ,4210 ,686 ,15 
경상북도 청송군 (4775000000),24539 ,24539 ,917 ,1149 ,1572 ,1554 ,2239 ,4471 ,5734 ,3970 ,2583 ,339 ,11 ,12261 ,12261 ,478 ,607 ,958 ,905 ,1282 ,2396 ,2875 ,1785 ,901 ,73 ,1 ,12278 ,12278 ,439 ,542 ,614 ,649 ,957 ,2075 ,2859 ,2185 ,1682 ,266 ,10 
경상북도 영양군 (4776000000),16320 ,16320 ,675 ,892 ,1065 ,993 ,1602 ,2846 ,3611 ,2583 ,1772 ,268 ,13 ,8144 ,8144 ,350 ,462 ,609 ,547 ,949 ,1606 ,1837 ,1127 ,592 ,63 ,2 ,8176 ,8176 ,325 ,430 ,456 ,446 ,653 ,1240 ,1774 ,1456 ,1180 ,205 ,11 
경상북도 영덕군 (4777000000),35314 ,35314 ,1458 ,2030 ,2232 ,2157 ,3631 ,5992 ,7540 ,5770 ,3926 ,562 ,16 ,16777 ,16777 ,727 ,1052 ,1311 ,1130 ,1985 ,3234 ,3635 ,2381 ,1217 ,104 ,1 ,18537 ,18537 ,731 ,978 ,921 ,1027 ,1646 ,2758 ,3905 ,3389 ,2709 ,458 ,15 
경상북도 청도군 (4782000000),41891 ,41891 ,1412 ,2233 ,2582 ,2575 ,4283 ,7091 ,9963 ,6674 ,4417 ,652 ,9 ,20598 ,20598 ,722 ,1137 ,1505 ,1395 ,2376 ,3766 ,5080 ,3071 ,1412 ,134 ,0 ,21293 ,21293 ,690 ,1096 ,1077 ,1180 ,1907 ,3325 ,4883 ,3603 ,3005 ,518 ,9 
경상북도 고령군 (4783000000),30626 ,30626 ,1316 ,1908 ,2302 ,2055 ,3550 ,5716 ,6588 ,4118 ,2722 ,347 ,4 ,15741 ,15741 ,688 ,1018 ,1343 ,1116 ,1999 ,3247 ,3496 ,1849 ,900 ,84 ,1 ,14885 ,14885 ,628 ,890 ,959 ,939 ,1551 ,2469 ,3092 ,2269 ,1822 ,263 ,3 
경상북도 성주군 (4784000000),42842 ,42842 ,1819 ,2182 ,3200 ,3149 ,4509 ,8085 ,9853 ,5935 ,3583 ,516 ,11 ,22216 ,22216 ,918 ,1194 ,1920 ,1708 ,2670 ,4486 ,5231 ,2788 ,1189 ,110 ,2 ,20626 ,20626 ,901 ,988 ,1280 ,1441 ,1839 ,3599 ,4622 ,3147 ,2394 ,406 ,9 
경상북도 칠곡군 (4785000000),113822 ,113822 ,8686 ,11350 ,11574 ,13720 ,20557 ,20000 ,14926 ,7686 ,4635 ,670 ,18 ,59260 ,59260 ,4490 ,5935 ,6644 ,7435 ,11057 ,10834 ,7773 ,3425 ,1505 ,161 ,1 ,54562 ,54562 ,4196 ,5415 ,4930 ,6285 ,9500 ,9166 ,7153 ,4261 ,3130 ,509 ,17 
경상북도 예천군 (4790000000),55739 ,55739 ,4450 ,4455 ,4031 ,5272 ,7225 ,7901 ,9803 ,6746 ,5114 ,718 ,24 ,27391 ,27391 ,2262 ,2354 ,2266 ,2652 ,3874 ,4155 ,4924 ,3024 ,1736 ,143 ,1 ,28348 ,28348 ,2188 ,2101 ,1765 ,2620 ,3351 ,3746 ,4879 ,3722 ,3378 ,575 ,23 
경상북도 봉화군 (4792000000),30762 ,30762 ,1227 ,1803 ,1820 ,1752 ,3024 ,5526 ,7111 ,4663 ,3305 ,510 ,21 ,15551 ,15551 ,634 ,963 ,1096 ,975 ,1753 ,3002 ,3716 ,2134 ,1157 ,120 ,1 ,15211 ,15211 ,593 ,840 ,724 ,777 ,1271 ,2524 ,3395 ,2529 ,2148 ,390 ,20 
경상북도 울진군 (4793000000),47858 ,47858 ,2725 ,3559 ,4253 ,4076 ,5986 ,8320 ,8814 ,5534 ,3883 ,695 ,13 ,24026 ,24026 ,1406 ,1897 ,2525 ,2255 ,3271 ,4570 ,4390 ,2429 ,1161 ,121 ,1 ,23832 ,23832 ,1319 ,1662 ,1728 ,1821 ,2715 ,3750 ,4424 ,3105 ,2722 ,574 ,12 
경상북도 울릉군 (4794000000),8867 ,8867 ,377 ,453 ,812 ,780 ,1213 ,1783 ,1818 ,1049 ,501 ,79 ,2 ,4851 ,4851 ,197 ,229 ,498 ,458 ,748 ,1053 ,953 ,496 ,199 ,20 ,0 ,4016 ,4016 ,180 ,224 ,314 ,322 ,465 ,730 ,865 ,553 ,302 ,59 ,2 
경상남도  (4800000000),3314183 ,3314183 ,250669 ,319461 ,362661 ,379886 ,527396 ,579779 ,494113 ,249720 ,131422 ,18682 ,394 ,1668338 ,1668338 ,128993 ,166472 ,202593 ,198989 ,271358 ,296690 ,245713 ,112084 ,41890 ,3497 ,59 ,1645845 ,1645845 ,121676 ,152989 ,160068 ,180897 ,256038 ,283089 ,248400 ,137636 ,89532 ,15185 ,335 
경상남도 창원시 (4812000000),1032741 ,1032741 ,78953 ,98134 ,125367 ,129935 ,166304 ,184802 ,151447 ,65921 ,28070 ,3743 ,65 ,523223 ,523223 ,40798 ,51201 ,70239 ,68959 ,84833 ,91651 ,74838 ,30477 ,9528 ,687 ,12 ,509518 ,509518 ,38155 ,46933 ,55128 ,60976 ,81471 ,93151 ,76609 ,35444 ,18542 ,3056 ,53 
경상남도 창원시 의창구 (4812100000),218027 ,218027 ,17098 ,19331 ,27854 ,28250 ,33887 ,41180 ,32055 ,12278 ,5335 ,741 ,18 ,110998 ,110998 ,8723 ,10169 ,15581 ,14947 ,17415 ,20227 ,16197 ,5894 ,1714 ,128 ,3 ,107029 ,107029 ,8375 ,9162 ,12273 ,13303 ,16472 ,20953 ,15858 ,6384 ,3621 ,613 ,15 
경상남도 창원시 성산구 (4812300000),251562 ,251562 ,18293 ,25685 ,36742 ,34408 ,40443 ,51029 ,31621 ,9049 ,3700 ,584 ,8 ,128346 ,128346 ,9427 ,13512 ,20618 ,18424 ,19491 ,24584 ,16664 ,4419 ,1109 ,95 ,3 ,123216 ,123216 ,8866 ,12173 ,16124 ,15984 ,20952 ,26445 ,14957 ,4630 ,2591 ,489 ,5 
경상남도 창원시 마산합포구 (4812500000),181322 ,181322 ,13189 ,14271 ,18856 ,21324 ,26814 ,29467 ,31732 ,17049 ,7542 ,1062 ,16 ,90141 ,90141 ,6833 ,7355 ,10394 ,11258 ,14158 ,14705 ,14989 ,7665 ,2570 ,211 ,3 ,91181 ,91181 ,6356 ,6916 ,8462 ,10066 ,12656 ,14762 ,16743 ,9384 ,4972 ,851 ,13 
경상남도 창원시 마산회원구 (4812700000),186881 ,186881 ,12175 ,17589 ,21079 ,20252 ,29306 ,33657 ,31035 ,15312 ,5834 ,631 ,11 ,93661 ,93661 ,6286 ,9183 ,11714 ,10744 ,14962 ,16753 ,14834 ,6966 ,2106 ,112 ,1 ,93220 ,93220 ,5889 ,8406 ,9365 ,9508 ,14344 ,16904 ,16201 ,8346 ,3728 ,519 ,10 
경상남도 창원시 진해구 (4812900000),194949 ,194949 ,18198 ,21258 ,20836 ,25701 ,35854 ,29469 ,25004 ,12233 ,5659 ,725 ,12 ,100077 ,100077 ,9529 ,10982 ,11932 ,13586 ,18807 ,15382 ,12154 ,5533 ,2029 ,141 ,2 ,94872 ,94872 ,8669 ,10276 ,8904 ,12115 ,17047 ,14087 ,12850 ,6700 ,3630 ,584 ,10 
경상남도 진주시 (4817000000),347097 ,347097 ,26794 ,34686 ,44515 ,40721 ,53267 ,57288 ,48836 ,25856 ,13220 ,1860 ,54 ,171601 ,171601 ,13872 ,18251 ,24457 ,21008 ,26502 ,28316 ,23308 ,11348 ,4184 ,348 ,7 ,175496 ,175496 ,12922 ,16435 ,20058 ,19713 ,26765 ,28972 ,25528 ,14508 ,9036 ,1512 ,47 
경상남도 통영시 (4822000000),125383 ,125383 ,8547 ,12671 ,10479 ,12323 ,20816 ,21988 ,21449 ,11343 ,5082 ,673 ,12 ,62928 ,62928 ,4299 ,6531 ,5863 ,6317 ,11141 ,11426 ,10425 ,5189 ,1612 ,124 ,1 ,62455 ,62455 ,4248 ,6140 ,4616 ,6006 ,9675 ,10562 ,11024 ,6154 ,3470 ,549 ,11 
경상남도 사천시 (4824000000),109953 ,109953 ,7638 ,10123 ,10300 ,11135 ,17382 ,18340 ,17273 ,10768 ,6078 ,895 ,21 ,55433 ,55433 ,3958 ,5215 ,6167 ,6054 ,9167 ,9775 ,8373 ,4661 ,1913 ,145 ,5 ,54520 ,54520 ,3680 ,4908 ,4133 ,5081 ,8215 ,8565 ,8900 ,6107 ,4165 ,750 ,16 
경상남도 사천남양출장소 (4824500000),0 ,0 ,0 ,0 ,0 ,0 ,0 ,0 ,0 ,0 ,0 ,0 ,0 ,0 ,0 ,0 ,0 ,0 ,0 ,0 ,0 ,0 ,0 ,0 ,0 ,0 ,0 ,0 ,0 ,0 ,0 ,0 ,0 ,0 ,0 ,0 ,0 ,0 ,0 
경상남도 김해시 (4825000000),537673 ,537673 ,45854 ,60101 ,66584 ,66222 ,96078 ,98718 ,63217 ,27140 ,12216 ,1513 ,30 ,271899 ,271899 ,23430 ,31096 ,36374 ,34264 ,47783 ,50538 ,32282 ,12018 ,3837 ,272 ,5 ,265774 ,265774 ,22424 ,29005 ,30210 ,31958 ,48295 ,48180 ,30935 ,15122 ,8379 ,1241 ,25 
경상남도 장유출장소 (4825200000),0 ,0 ,0 ,0 ,0 ,0 ,0 ,0 ,0 ,0 ,0 ,0 ,0 ,0 ,0 ,0 ,0 ,0 ,0 ,0 ,0 ,0 ,0 ,0 ,0 ,0 ,0 ,0 ,0 ,0 ,0 ,0 ,0 ,0 ,0 ,0 ,0 ,0 ,0 
경상남도 밀양시 (4827000000),103525 ,103525 ,5235 ,7470 ,8620 ,8397 ,12627 ,18230 ,21960 ,12837 ,7196 ,932 ,21 ,50849 ,50849 ,2690 ,3892 ,5043 ,4428 ,6672 ,9259 ,10809 ,5695 ,2177 ,180 ,4 ,52676 ,52676 ,2545 ,3578 ,3577 ,3969 ,5955 ,8971 ,11151 ,7142 ,5019 ,752 ,17 
경상남도 거제시 (4831000000),241216 ,241216 ,24145 ,27952 ,22796 ,32802 ,47254 ,40041 ,28798 ,11361 ,5213 ,833 ,21 ,126291 ,126291 ,12495 ,14569 ,12926 ,17068 ,25564 ,21713 ,14731 ,5458 ,1638 ,124 ,5 ,114925 ,114925 ,11650 ,13383 ,9870 ,15734 ,21690 ,18328 ,14067 ,5903 ,3575 ,709 ,16 
경상남도 양산시 (4833000000),354726 ,354726 ,32841 ,34631 ,39334 ,47338 ,61525 ,59617 ,46636 ,22013 ,9554 ,1210 ,27 ,177759 ,177759 ,16819 ,17667 ,21154 ,24314 ,31359 ,29985 ,22871 ,9971 ,3362 ,253 ,4 ,176967 ,176967 ,16022 ,16964 ,18180 ,23024 ,30166 ,29632 ,23765 ,12042 ,6192 ,957 ,23 
경상남도 양산시웅상출장소 (4833200000),0 ,0 ,0 ,0 ,0 ,0 ,0 ,0 ,0 ,0 ,0 ,0 ,0 ,0 ,0 ,0 ,0 ,0 ,0 ,0 ,0 ,0 ,0 ,0 ,0 ,0 ,0 ,0 ,0 ,0 ,0 ,0 ,0 ,0 ,0 ,0 ,0 ,0 ,0 
경상남도 의령군 (4872000000),26322 ,26322 ,986 ,1444 ,1826 ,1620 ,2685 ,4488 ,5813 ,3805 ,3144 ,504 ,7 ,12966 ,12966 ,515 ,758 ,1060 ,874 ,1522 ,2505 ,3102 ,1611 ,915 ,103 ,1 ,13356 ,13356 ,471 ,686 ,766 ,746 ,1163 ,1983 ,2711 ,2194 ,2229 ,401 ,6 
경상남도 함안군 (4873000000),62547 ,62547 ,3586 ,5756 ,5058 ,5011 ,8880 ,11003 ,11710 ,6646 ,4266 ,623 ,8 ,31816 ,31816 ,1818 ,3055 ,2992 ,2568 ,4780 ,6061 ,6140 ,2996 ,1290 ,115 ,1 ,30731 ,30731 ,1768 ,2701 ,2066 ,2443 ,4100 ,4942 ,5570 ,3650 ,2976 ,508 ,7 
경상남도 창녕군 (4874000000),60129 ,60129 ,2865 ,4016 ,4443 ,4672 ,6842 ,10635 ,12791 ,7956 ,5181 ,712 ,16 ,29948 ,29948 ,1491 ,2147 ,2569 ,2566 ,3807 ,5745 ,6407 ,3512 ,1578 ,126 ,0 ,30181 ,30181 ,1374 ,1869 ,1874 ,2106 ,3035 ,4890 ,6384 ,4444 ,3603 ,586 ,16 
경상남도 고성군 (4882000000),50478 ,50478 ,2277 ,4058 ,3688 ,3408 ,6031 ,8946 ,10190 ,6763 ,4398 ,704 ,15 ,25297 ,25297 ,1148 ,2206 ,2181 ,1885 ,3323 ,4918 ,5094 ,3054 ,1364 ,122 ,2 ,25181 ,25181 ,1129 ,1852 ,1507 ,1523 ,2708 ,4028 ,5096 ,3709 ,3034 ,582 ,13 
경상남도 남해군 (4884000000),42266 ,42266 ,1512 ,2831 ,3033 ,2302 ,4341 ,7121 ,8602 ,6604 ,4971 ,936 ,13 ,20450 ,20450 ,778 ,1555 ,1870 ,1208 ,2296 ,3867 ,4244 ,2942 ,1520 ,169 ,1 ,21816 ,21816 ,734 ,1276 ,1163 ,1094 ,2045 ,3254 ,4358 ,3662 ,3451 ,767 ,12 
경상남도 하동군 (4885000000),43449 ,43449 ,1633 ,2673 ,3037 ,2529 ,4549 ,8031 ,9375 ,6293 ,4525 ,790 ,14 ,21696 ,21696 ,853 ,1452 ,1806 ,1390 ,2535 ,4420 ,4885 ,2792 ,1401 ,159 ,3 ,21753 ,21753 ,780 ,1221 ,1231 ,1139 ,2014 ,3611 ,4490 ,3501 ,3124 ,631 ,11 
경상남도 산청군 (4886000000),34360 ,34360 ,1175 ,2006 ,2261 ,1935 ,3291 ,6304 ,7797 ,5162 ,3809 ,606 ,14 ,16931 ,16931 ,601 ,1083 ,1296 ,1048 ,1816 ,3452 ,4068 ,2312 ,1133 ,120 ,2 ,17429 ,17429 ,574 ,923 ,965 ,887 ,1475 ,2852 ,3729 ,2850 ,2676 ,486 ,12 
경상남도 함양군 (4887000000),38310 ,38310 ,1695 ,2786 ,2892 ,2427 ,4100 ,6742 ,7726 ,5348 ,3958 ,624 ,12 ,18531 ,18531 ,858 ,1459 ,1650 ,1242 ,2224 ,3639 ,3887 ,2230 ,1219 ,121 ,2 ,19779 ,19779 ,837 ,1327 ,1242 ,1185 ,1876 ,3103 ,3839 ,3118 ,2739 ,503 ,10 
경상남도 거창군 (4888000000),61073 ,61073 ,3496 ,5818 ,5667 ,4755 ,7444 ,10294 ,10845 ,6923 ,5015 ,792 ,24 ,29955 ,29955 ,1827 ,3125 ,3347 ,2485 ,3787 ,5389 ,5328 ,2888 ,1593 ,183 ,3 ,31118 ,31118 ,1669 ,2693 ,2320 ,2270 ,3657 ,4905 ,5517 ,4035 ,3422 ,609 ,21 
경상남도 합천군 (4889000000),42935 ,42935 ,1437 ,2305 ,2761 ,2354 ,3980 ,7191 ,9648 ,6981 ,5526 ,732 ,20 ,20765 ,20765 ,743 ,1210 ,1599 ,1311 ,2247 ,4031 ,4921 ,2930 ,1626 ,146 ,1 ,22170 ,22170 ,694 ,1095 ,1162 ,1043 ,1733 ,3160 ,4727 ,4051 ,3900 ,586 ,19 
제주특별자치도  (5000000000),676759 ,676759 ,57987 ,70369 ,80923 ,81026 ,111251 ,114905 ,84877 ,45783 ,25230 ,4213 ,195 ,339177 ,339177 ,29782 ,36810 ,42819 ,40755 ,56996 ,59685 ,42122 ,20913 ,8623 ,662 ,10 ,337582 ,337582 ,28205 ,33559 ,38104 ,40271 ,54255 ,55220 ,42755 ,24870 ,16607 ,3551 ,185 
제주특별자치도 제주시 (5011000000),493096 ,493096 ,43758 ,52802 ,62256 ,61500 ,81836 ,82663 ,58499 ,30370 ,16396 ,2895 ,121 ,246494 ,246494 ,22456 ,27577 ,32756 ,30996 ,41482 ,42419 ,28963 ,13788 ,5594 ,457 ,6 ,246602 ,246602 ,21302 ,25225 ,29500 ,30504 ,40354 ,40244 ,29536 ,16582 ,10802 ,2438 ,115 
제주특별자치도 서귀포시 (5013000000),183663 ,183663 ,14229 ,17567 ,18667 ,19526 ,29415 ,32242 ,26378 ,15413 ,8834 ,1318 ,74 ,92683 ,92683 ,7326 ,9233 ,10063 ,9759 ,15514 ,17266 ,13159 ,7125 ,3029 ,205 ,4 ,90980 ,90980 ,6903 ,8334 ,8604 ,9767 ,13901 ,14976 ,13219 ,8288 ,5805 ,1113 ,70 
